0x1c04e940:	0x18181819	0x18181818	0x18181818	0x18181819
0x1c04e950:	0x18191818	0x18181918	0x18181919	0x18191818
0x1c04e960:	0x18181818	0x18181818	0x18181818	0x18181818
0x1c04e970:	0x18181918	0x18181819	0x19191818	0x18191818
0x1c04e980:	0x18181819	0x18181818	0x18181818	0x18181918
0x1c04e990:	0x18181819	0x18191819	0x18181819	0x18191919
0x1c04e9a0:	0x18181718	0x18191818	0x18181818	0x18181818
0x1c04e9b0:	0x18191918	0x18191818	0x1819181a	0x18191819
0x1c04e9c0:	0x18181818	0x18181718	0x18181818	0x18181819
0x1c04e9d0:	0x19181818	0x18181819	0x18191919	0x19191919
0x1c04e9e0:	0x18191818	0x18181818	0x18181818	0x19181818
0x1c04e9f0:	0x18181818	0x18191818	0x18191818	0x18191819
0x1c04ea00:	0x18181818	0x18191818	0x18181818	0x18181819
0x1c04ea10:	0x18181918	0x17181818	0x19191919	0x18191819
0x1c04ea20:	0x17181818	0x18181818	0x18181818	0x18181819
0x1c04ea30:	0x18181819	0x18191818	0x18191918	0x18181818
0x1c04ea40:	0x18191818	0x18181818	0x18191919	0x19181819
0x1c04ea50:	0x18191818	0x18191819	0x19191818	0x19191818
0x1c04ea60:	0x18181819	0x18181818	0x18181819	0x18181818
0x1c04ea70:	0x19191818	0x18191919	0x19191819	0x18191818
0x1c04ea80:	0x18181819	0x18181818	0x19191819	0x18181818
0x1c04ea90:	0x18181819	0x18191819	0x19181818	0x19191818
0x1c04eaa0:	0x17181718	0x18191818	0x18191818	0x18181819
0x1c04eab0:	0x18191919	0x18181819	0x18191919	0x18181818
0x1c04eac0:	0x18181818	0x18181818	0x18181819	0x18181819
0x1c04ead0:	0x18181918	0x19191919	0x18191819	0x19191818
0x1c04eae0:	0x18181818	0x18181819	0x18181819	0x19181918
0x1c04eaf0:	0x19181918	0x18191819	0x18191819	0x19191919
0x1c04eb00:	0x18181819	0x18181818	0x18181819	0x18191819
0x1c04eb10:	0x18191819	0x18181819	0x18181819	0x18191919
0x1c04eb20:	0x17191818	0x18191818	0x18191818	0x18181818
0x1c04eb30:	0x18191819	0x18191819	0x18191819	0x19191819
