0x1c04e940:	0xefeeefef	0xeeeeefee	0xeeeeefee	0xefeeefee
0x1c04e950:	0xefeeefee	0xefeeefee	0xefeeeeee	0xefeeefee
0x1c04e960:	0xefefeeef	0xefeeefee	0xeeefefee	0xeeeeeeee
0x1c04e970:	0xefeeefee	0xefeeeeee	0xefefeeee	0xeeeeeeee
0x1c04e980:	0xefeeefee	0xeeeeeeee	0xefeeefee	0xefeeefee
0x1c04e990:	0xefeeefee	0xeeeeeeef	0xeeeeefee	0xeeeeeeee
0x1c04e9a0:	0xefefeeee	0xefefefef	0xefeeefef	0xefeeefee
0x1c04e9b0:	0xefeeefee	0xeeeeefee	0xeeeeeeee	0xeeeeeeef
0x1c04e9c0:	0xefeeefee	0xeeeeeeef	0xefeeeeee	0xefeeefee
0x1c04e9d0:	0xefeeeeef	0xefeeeeee	0xeeeeefee	0xeeeceeee
0x1c04e9e0:	0xefeeeeef	0xefeeefee	0xefefefef	0xefeeeeee
0x1c04e9f0:	0xeeeeeeee	0xefeeeeee	0xeeeeeeee	0xeeeeeeee
0x1c04ea00:	0xefeeefee	0xefeeefee	0xeeeeefef	0xefeeefef
0x1c04ea10:	0xeeeeefef	0xeeeeeeee	0xefeeefee	0xeeeeeeef
0x1c04ea20:	0xefeeefee	0xefeeefee	0xefeeefee	0xeeeeeeef
0x1c04ea30:	0xefeeeeee	0xefefeeee	0xefeeeeee	0xefedeeee
0x1c04ea40:	0xefeeefee	0xefeeefee	0xefefeeee	0xefeeefee
0x1c04ea50:	0xeeeeefee	0xeeeeeeee	0xefeeeeee	0xeeeeefee
0x1c04ea60:	0xefeeefee	0xefeeeeee	0xeeeeeeee	0xeeeeeeee
0x1c04ea70:	0xefeeeeee	0xeeeeeeee	0xefeeeeee	0xeeeeefef
0x1c04ea80:	0xf0eeeeee	0xefeeefee	0xefefeeee	0xeeeeeeee
0x1c04ea90:	0xefeeeeee	0xeeeeeeed	0xeeedefee	0xefeeeeee
0x1c04eaa0:	0xefeeefef	0xefefefee	0xefeeefee	0xefeeefee
0x1c04eab0:	0xeeeeefee	0xefeeefee	0xeeedefee	0xeeeeeeef
0x1c04eac0:	0xefeeefee	0xeeeeefef	0xefeeefee	0xeeeeefee
0x1c04ead0:	0xefeeeeed	0xeeeeeeee	0xeeeeeeee	0xefeeeeee
0x1c04eae0:	0xefeeeeee	0xefeeefef	0xefefefee	0xeeeeefee
0x1c04eaf0:	0xeeeeefee	0xeeeeeeee	0xeeeeefee	0xeeeceeee
0x1c04eb00:	0xefeeeeee	0xefeeefee	0xefeeefef	0xefeeeeee
0x1c04eb10:	0xeeeeeeee	0xeeeeeeee	0xeeeeeeee	0xeeeeefee
0x1c04eb20:	0xefeeeeee	0xefeeefee	0xefefefee	0xefeeefed
0x1c04eb30:	0xeeefeeee	0xeeeeeeee	0xeeeeeeee	0xeeedeeee
