0.7999991941011775,0.00026291012587658334,False
0.800000790816689,0.00026323134320321243,False
0.7999991941011775,0.00026323134320321243,False
0.7999991941011775,0.0002634454880876321,False
0.7999991941011775,0.0002634454880876321,False
0.800000790816689,0.0002636596329720518,False
0.7999991941011775,0.0002637667054142621,False
0.7999991941011775,0.0002638737778564715,False
0.800000790816689,0.00026408792274089116,False
0.7999991941011775,0.0002638737778564715,False
0.800000790816689,0.00026419499518310057,False
0.7999991941011775,0.00026430206762531085,False
0.800000790816689,0.00026419499518310057,False
0.7999991941011775,0.00026430206762531085,False
0.800000790816689,0.00026408792274089116,False
0.7999991941011775,0.00026408792274089116,False
0.7999991941011775,0.00026408792274089116,False
0.800000790816689,0.00026419499518310057,False
0.7999991941011775,0.00026440914006752025,False
0.7999991941011775,0.00026430206762531085,False
0.7999991941011775,0.00026440914006752025,False
0.800000790816689,0.00026462328495193994,False
0.7999991941011775,0.00026440914006752025,False
0.800000790816689,0.00026462328495193994,False
0.800000790816689,0.00026462328495193994,False
0.7999991941011775,0.00026440914006752025,False
0.7999991941011775,0.00026462328495193994,False
0.7999991941011775,0.0002647303573941502,False
0.800000790816689,0.00026462328495193994,False
0.7999991941011775,0.0002648374298363596,False
0.7999991941011775,0.00026462328495193994,False
0.800000790816689,0.00026462328495193994,False
0.7999991941011775,0.0002647303573941502,False
0.7999991941011775,0.0002648374298363596,False
0.800000790816689,0.0002649445022785699,False
0.7999991941011775,0.0002649445022785699,False
0.800000790816689,0.0002650515747207793,False
0.7999991941011775,0.0002649445022785699,False
0.800000790816689,0.0002651586471629896,False
0.7999991941011775,0.0002651586471629896,False
0.7999991941011775,0.00026537279204740926,False
0.800000790816689,0.000265265719605199,False
0.800000790816689,0.00026537279204740926,False
0.7999991941011775,0.00026537279204740926,False
0.7999991941011775,0.00026537279204740926,False
0.7999991941011775,0.00026558693693182894,False
0.800000790816689,0.00026580108181624776,False
0.7999991941011775,0.00026569400937403835,False
0.800000790816689,0.00026569400937403835,False
0.7999991941011775,0.00026590815425845803,False
0.7999991941011775,0.00026590815425845803,False
0.7999991941011775,0.00026569400937403835,False
0.800000790816689,0.00026590815425845803,False
0.7999991941011775,0.00026580108181624776,False
0.800000790816689,0.00026601522670066744,False
0.7999991941011775,0.0002661222991428777,False
0.800000790816689,0.00026601522670066744,False
0.7999991941011775,0.00026590815425845803,False
0.7999991941011775,0.0002661222991428777,False
0.7999991941011775,0.0002661222991428777,False
0.800000790816689,0.0002663364440272974,False
0.7999991941011775,0.0002664435164695068,False
0.800000790816689,0.0002663364440272974,False
0.7999991941011775,0.0002663364440272974,False
0.7999991941011775,0.0002661222991428777,False
0.800000790816689,0.0002663364440272974,False
0.800000790816689,0.0002665505889117171,False
0.7999991941011775,0.0002663364440272974,False
0.7999991941011775,0.0002664435164695068,False
0.7999991941011775,0.0002665505889117171,False
0.800000790816689,0.0002664435164695068,False
0.800000790816689,0.0002665505889117171,False
0.7999991941011775,0.0002664435164695068,False
0.7999991941011775,0.0002664435164695068,False
0.7999991941011775,0.0002664435164695068,False
0.7999991941011775,0.00026676473379613676,False
0.800000790816689,0.00026687180623834617,False
0.800000790816689,0.00026687180623834617,False
0.7999991941011775,0.00026687180623834617,False
0.7999991941011775,0.00026708595112276586,False
0.800000790816689,0.00026687180623834617,False
0.7999991941011775,0.00026697887868055645,False
0.7999991941011775,0.00026687180623834617,False
0.800000790816689,0.00026708595112276586,False
0.7999991941011775,0.00026697887868055645,False
0.800000790816689,0.00026708595112276586,False
0.7999991941011775,0.00026708595112276586,False
0.7999991941011775,0.00026697887868055645,False
0.7999991941011775,0.00026730009600718554,False
0.800000790816689,0.00026719302356497613,False
0.7999991941011775,0.00026719302356497613,False
0.800000790816689,0.00026719302356497613,False
0.7999991941011775,0.00026740716844939495,False
0.800000790816689,0.00026730009600718554,False
0.7999991941011775,0.00026740716844939495,False
0.7999991941011775,0.00026730009600718554,False
0.800000790816689,0.0002675142408916052,False
0.7999991941011775,0.00026740716844939495,False
0.7999991941011775,0.00026740716844939495,False
0.800000790816689,0.00026740716844939495,False
0.7999991941011775,0.00026762131333381463,False
0.800000790816689,0.00026740716844939495,False
0.7999975973856659,0.0002677283857760249,False
0.800000790816689,0.00026762131333381463,False
0.800000790816689,0.0002679425306604437,False
0.7999991941011775,0.00026762131333381463,False
0.7999991941011775,0.0002677283857760249,False
0.800000790816689,0.0002678354582182343,False
0.7999991941011775,0.0002678354582182343,False
0.800000790816689,0.0002678354582182343,False
0.7999991941011775,0.000268049603102654,False
0.7999991941011775,0.0002678354582182343,False
0.800000790816689,0.0002679425306604437,False
0.7999991941011775,0.0002681566755448634,False
0.7999991941011775,0.000268049603102654,False
0.800000790816689,0.000268049603102654,False
0.7999991941011775,0.0002679425306604437,False
0.800000790816689,0.0002679425306604437,False
0.7999991941011775,0.0002682637479870737,False
0.7999991941011775,0.0002682637479870737,False
0.800000790816689,0.00026837082042928395,False
0.7999991941011775,0.00026837082042928395,False
0.7999991941011775,0.0002682637479870737,False
0.800000790816689,0.00026837082042928395,False
0.7999991941011775,0.00026837082042928395,False
0.800000790816689,0.00026837082042928395,False
0.7999991941011775,0.0002682637479870737,False
0.7999991941011775,0.00026847789287149336,False
0.800000790816689,0.00026837082042928395,False
0.7999991941011775,0.00026869203775591304,False
0.7999991941011775,0.00026847789287149336,False
0.800000790816689,0.0002682637479870737,False
0.800000790816689,0.00026847789287149336,False
0.7999991941011775,0.00026837082042928395,False
0.7999991941011775,0.0002682637479870737,False
0.7999991941011775,0.00026847789287149336,False
0.800000790816689,0.00026847789287149336,False
0.7999991941011775,0.00026858496531370363,False
0.7999991941011775,0.00026847789287149336,False
0.800000790816689,0.00026858496531370363,False
0.7999991941011775,0.00026858496531370363,False
0.800000790816689,0.00026869203775591304,False
0.7999991941011775,0.00026869203775591304,False
0.7999991941011775,0.00026869203775591304,False
0.800000790816689,0.00026869203775591304,False
0.7999991941011775,0.0002687991101981233,False
0.800000790816689,0.0002689061826403327,False
0.7999991941011775,0.0002687991101981233,False
0.7999991941011775,0.0002689061826403327,False
0.7999991941011775,0.0002687991101981233,False
0.800000790816689,0.00026901325508254213,False
0.800000790816689,0.0002687991101981233,False
0.7999991941011775,0.0002689061826403327,False
0.7999991941011775,0.00026901325508254213,False
0.800000790816689,0.0002687991101981233,False
0.7999991941011775,0.0002689061826403327,False
0.7999991941011775,0.0002689061826403327,False
0.800000790816689,0.0002692273999669618,False
0.7999991941011775,0.0002691203275247524,False
0.800000790816689,0.0002689061826403327,False
0.7999991941011775,0.0002691203275247524,False
0.7999991941011775,0.0002692273999669618,False
0.800000790816689,0.0002693344724091721,False
0.7999991941011775,0.00026901325508254213,False
0.7999991941011775,0.00026901325508254213,False
0.800000790816689,0.00026901325508254213,False
0.7999991941011775,0.00026901325508254213,False
0.800000790816689,0.0002691203275247524,False
0.7999991941011775,0.0002693344724091721,False
0.800000790816689,0.0002691203275247524,False
0.7999975973856659,0.0002691203275247524,False
0.800000790816689,0.0002693344724091721,False
0.7999991941011775,0.0002693344724091721,False
0.800000790816689,0.0002694415448513815,False
0.7999991941011775,0.0002696556897358012,False
0.7999991941011775,0.0002695486172935909,False
0.800000790816689,0.0002696556897358012,False
0.7999991941011775,0.0002694415448513815,False
0.800000790816689,0.0002694415448513815,False
0.7999991941011775,0.0002695486172935909,False
0.800000790816689,0.0002696556897358012,False
0.7999991941011775,0.0002695486172935909,False
0.800000790816689,0.0002696556897358012,False
0.7999991941011775,0.0002696556897358012,False
0.7999991941011775,0.0002696556897358012,False
0.7999991941011775,0.0002697627621780106,False
0.7999991941011775,0.0009006068235676511,False
0.800000790816689,0.0006948403577509516,False
0.7999975973856659,0.0006950545026353713,False
0.800000790816689,0.0006951615750775807,False
0.7999991941011775,0.0006949474301931611,False
0.800000790816689,0.0006953757199620004,False
0.7999991941011775,0.0006954827924042103,False
0.7999991941011775,0.0006953757199620004,False
0.800000790816689,0.0006955898648464205,False
0.7999991941011775,0.0006958040097308398,False
0.800000790816689,0.000714113397348717,False
0.7999991941011775,0.0006971959514795669,False
0.800000790816689,0.0006975171688061968,False
0.7999991941011775,0.0006974100963639865,False
0.7999991941011775,0.0006976242412484062,False
0.7999991941011775,0.0006976242412484062,False
0.800000790816689,0.0006977313136906165,False
0.7999991941011775,0.0006978383861328263,False
0.800000790816689,0.0006981596034594554,False
0.7999991941011775,0.000698052531017246,False
0.7999991941011775,0.0006979454585750357,False
0.800000790816689,0.000698052531017246,False
0.7999991941011775,0.0006981596034594554,False
0.800000790816689,0.0006981596034594554,False
0.7999991941011775,0.0006982666759016657,False
0.7999991941011775,0.0006981596034594554,False
0.800000790816689,0.000698052531017246,False
0.7999991941011775,0.0006973030239217771,False
0.800000790816689,0.0006973030239217771,False
0.7999991941011775,0.0006975171688061968,False
0.7999991941011775,0.0006974100963639865,False
0.800000790816689,0.0006976242412484062,False
0.7999991941011775,0.0006977313136906165,False
0.7999991941011775,0.0006976242412484062,False
0.800000790816689,0.0006978383861328263,False
0.7999991941011775,0.0006977313136906165,False
0.800000790816689,0.0006978383861328263,False
0.7999991941011775,0.0006979454585750357,False
0.800000790816689,0.000698052531017246,False
0.7999975973856659,0.0006979454585750357,False
0.800000790816689,0.0006979454585750357,False
0.7999991941011775,0.000698052531017246,False
0.800000790816689,0.0006983737483438751,False
0.7999991941011775,0.000698052531017246,False
0.800000790816689,0.0006982666759016657,False
0.7999991941011775,0.0006982666759016657,False
0.7999991941011775,0.000698480820786085,False
0.7999991941011775,0.0007157194839818642,False
0.800000790816689,0.0006999798349770223,False
0.800000790816689,0.0006999798349770223,False
0.7999991941011775,0.0006999798349770223,False
0.7999991941011775,0.0007000869074192321,False
0.800000790816689,0.000700193979861442,False
0.7999991941011775,0.0007003010523036518,False
0.7999991941011775,0.0007003010523036518,False
0.800000790816689,0.0007000869074192321,False
0.7999991941011775,0.0007003010523036518,False
0.7999991941011775,0.0007003010523036518,False
0.800000790816689,0.0007003010523036518,False
0.7999991941011775,0.0007004081247458617,False
0.7999991941011775,0.000700193979861442,False
0.800000790816689,0.0007006222696302809,False
0.800000790816689,0.0007004081247458617,False
0.7999991941011775,0.0007004081247458617,False
0.7999991941011775,0.0007006222696302809,False
0.800000790816689,0.0007006222696302809,False
0.7999991941011775,0.0006997656900926026,False
0.800000790816689,0.0006995515452081829,False
0.7999975973856659,0.0006996586176503928,False
0.800000790816689,0.0006996586176503928,False
0.7999991941011775,0.0006997656900926026,False
0.800000790816689,0.0006996586176503928,False
0.7999991941011775,0.0006997656900926026,False
0.800000790816689,0.0006997656900926026,False
0.7999991941011775,0.0006996586176503928,False
0.7999991941011775,0.0006999798349770223,False
0.800000790816689,0.0007003010523036518,False
0.7999991941011775,0.0006998727625348129,False
0.7999991941011775,0.0007000869074192321,False
0.800000790816689,0.0006999798349770223,False
0.7999991941011775,0.0007000869074192321,False
0.7999991941011775,0.000700193979861442,False
0.800000790816689,0.0007000869074192321,False
0.800000790816689,0.0007003010523036518,False
0.7999991941011775,0.000700193979861442,False
0.7999991941011775,0.000700193979861442,False
0.800000790816689,0.0007005151971880715,False
0.7999991941011775,0.0007004081247458617,False
0.7999991941011775,0.0007183962950371094,False
0.800000790816689,0.0007016929940523789,False
0.7999991941011775,0.0007016929940523789,False
0.800000790816689,0.0007016929940523789,False
0.7999991941011775,0.0007016929940523789,False
0.7999991941011775,0.0007018000664945892,False
0.7999991941011775,0.0007018000664945892,False
0.800000790816689,0.0007018000664945892,False
0.7999991941011775,0.0007018000664945892,False
0.800000790816689,0.0007019071389367986,False
0.7999991941011775,0.0007020142113790089,False
0.800000790816689,0.0007020142113790089,False
0.7999991941011775,0.0007018000664945892,False
0.7999991941011775,0.0007020142113790089,False
0.7999991941011775,0.0007018000664945892,False
0.800000790816689,0.0007021212838212187,False
0.7999991941011775,0.0007020142113790089,False
0.800000790816689,0.00070126470428354,False
0.7999991941011775,0.0007009434869569109,False
0.800000790816689,0.0007011576318413301,False
0.7999991941011775,0.0007010505593991203,False
0.7999991941011775,0.0007011576318413301,False
0.800000790816689,0.0007011576318413301,False
0.7999991941011775,0.00070126470428354,False
0.800000790816689,0.00070126470428354,False
0.7999991941011775,0.0007011576318413301,False
0.800000790816689,0.0007013717767257498,False
0.7999975973856659,0.0007011576318413301,False
0.800000790816689,0.0007013717767257498,False
0.7999991941011775,0.0007011576318413301,False
0.800000790816689,0.0007013717767257498,False
0.7999991941011775,0.0007013717767257498,False
0.800000790816689,0.00070126470428354,False
0.7999991941011775,0.0007015859216101695,False
0.7999991941011775,0.0007015859216101695,False
0.7999991941011775,0.0007013717767257498,False
0.800000790816689,0.0007016929940523789,False
0.7999991941011775,0.0007015859216101695,False
0.800000790816689,0.0007016929940523789,False
0.800000790816689,0.0007200023816702566,False
0.7999975973856659,0.0007030849358011064,False
0.800000790816689,0.0007030849358011064,False
0.7999991941011775,0.0007030849358011064,False
0.800000790816689,0.0007030849358011064,False
0.7999991941011775,0.0007031920082433167,False
0.7999991941011775,0.0007031920082433167,False
0.800000790816689,0.0007030849358011064,False
0.7999991941011775,0.0007031920082433167,False
0.7999991941011775,0.0007034061531277364,False
0.800000790816689,0.0007031920082433167,False
0.800000790816689,0.0007032990806855261,False
0.7999991941011775,0.0007032990806855261,False
0.7999991941011775,0.0007034061531277364,False
0.800000790816689,0.0007035132255699458,False
0.7999991941011775,0.000703620298012156,False
0.7999991941011775,0.0007035132255699458,False
0.7999991941011775,0.0007035132255699458,False
0.800000790816689,0.0007027637184744773,False
0.800000790816689,0.0007026566460322675,False
0.7999991941011775,0.0007028707909166871,False
0.7999991941011775,0.0007027637184744773,False
0.7999991941011775,0.0007027637184744773,False
0.800000790816689,0.0007027637184744773,False
0.7999991941011775,0.0007028707909166871,False
0.800000790816689,0.0007028707909166871,False
0.7999991941011775,0.0007028707909166871,False
0.800000790816689,0.0007028707909166871,False
0.7999991941011775,0.000702977863358897,False
0.7999991941011775,0.0007030849358011064,False
0.7999991941011775,0.000702977863358897,False
0.800000790816689,0.000702977863358897,False
0.7999991941011775,0.000702977863358897,False
0.800000790816689,0.0007030849358011064,False
0.7999991941011775,0.0007030849358011064,False
0.7999991941011775,0.000702977863358897,False
0.7999991941011775,0.0007028707909166871,False
0.7999991941011775,0.000702977863358897,False
0.8000023875322005,0.0007030849358011064,False
0.7999991941011775,0.0007032990806855261,False
0.7999991941011775,0.0007210731060923545,False
0.800000790816689,0.0007041556602232044,False
0.7999991941011775,0.0007039415153387851,False
0.7999991941011775,0.0007042627326654147,False
0.800000790816689,0.0007042627326654147,False
0.7999991941011775,0.0007042627326654147,False
0.800000790816689,0.0007042627326654147,False
0.7999991941011775,0.0007043698051076245,False
0.800000790816689,0.0007043698051076245,False
0.7999991941011775,0.0007044768775498343,False
0.7999991941011775,0.0007043698051076245,False
0.800000790816689,0.0007043698051076245,False
0.7999991941011775,0.0007043698051076245,False
0.7999991941011775,0.0007042627326654147,False
0.7999991941011775,0.0007044768775498343,False
0.800000790816689,0.0007042627326654147,False
0.7999991941011775,0.0007041556602232044,False
0.800000790816689,0.0007037273704543654,False
0.7999991941011775,0.000703620298012156,False
0.800000790816689,0.0007037273704543654,False
0.7999991941011775,0.0007037273704543654,False
0.7999991941011775,0.000703620298012156,False
0.800000790816689,0.0007037273704543654,False
0.7999991941011775,0.0007037273704543654,False
0.7999991941011775,0.0007039415153387851,False
0.800000790816689,0.0007037273704543654,False
0.800000790816689,0.000704048587780995,False
0.7999991941011775,0.000704048587780995,False
0.7999991941011775,0.0007039415153387851,False
0.7999991941011775,0.0007038344428965753,False
0.7999991941011775,0.0007038344428965753,False
0.800000790816689,0.0007039415153387851,False
0.800000790816689,0.0007039415153387851,False
0.7999991941011775,0.000704048587780995,False
0.800000790816689,0.0007039415153387851,False
0.7999991941011775,0.0007039415153387851,False
0.7999991941011775,0.0007041556602232044,False
0.7999991941011775,0.000704048587780995,False
0.800000790816689,0.000704048587780995,False
0.7999991941011775,0.000721822613187823,False
0.7999991941011775,0.0007049051673186733,False
0.800000790816689,0.0007047980948764639,False
0.7999991941011775,0.0007047980948764639,False
0.800000790816689,0.0007050122397608835,False
0.7999991941011775,0.000705119312203093,False
0.7999991941011775,0.000705119312203093,False
0.800000790816689,0.0007050122397608835,False
0.7999991941011775,0.0007050122397608835,False
0.800000790816689,0.0007052263846453032,False
0.7999991941011775,0.0007049051673186733,False
0.7999991941011775,0.0007052263846453032,False
0.800000790816689,0.000705119312203093,False
0.7999991941011775,0.000705119312203093,False
0.7999991941011775,0.000705119312203093,False
0.800000790816689,0.000705119312203093,False
0.7999991941011775,0.000705119312203093,False
0.800000790816689,0.0007052263846453032,False
0.7999991941011775,0.0007044768775498343,False
0.7999991941011775,0.0007042627326654147,False
0.7999991941011775,0.0007043698051076245,False
0.800000790816689,0.0007042627326654147,False
0.7999991941011775,0.0007044768775498343,False
0.800000790816689,0.0007042627326654147,False
0.7999991941011775,0.0007042627326654147,False
0.7999991941011775,0.0007042627326654147,False
0.800000790816689,0.0007042627326654147,False
0.7999991941011775,0.0007042627326654147,False
0.800000790816689,0.0007043698051076245,False
0.7999991941011775,0.0007045839499920442,False
0.7999991941011775,0.000704048587780995,False
0.800000790816689,0.0007043698051076245,False
0.7999991941011775,0.0007044768775498343,False
0.7999991941011775,0.0007044768775498343,False
0.800000790816689,0.0007043698051076245,False
0.7999991941011775,0.0007043698051076245,False
0.800000790816689,0.0007043698051076245,False
0.7999991941011775,0.000704691022434254,False
0.7999991941011775,0.0007045839499920442,False
0.800000790816689,0.000704691022434254,False
0.7999991941011775,0.0007226791927255017,False
0.800000790816689,0.0007059758917407712,False
0.7999991941011775,0.0007059758917407712,False
0.800000790816689,0.0007059758917407712,False
0.7999991941011775,0.0007058688192985618,False
0.7999991941011775,0.0007060829641829815,False
0.800000790816689,0.0007060829641829815,False
0.7999991941011775,0.0007059758917407712,False
0.7999991941011775,0.0007060829641829815,False
0.7999991941011775,0.0007059758917407712,False
0.800000790816689,0.0007059758917407712,False
0.800000790816689,0.0007061900366251909,False
0.7999991941011775,0.0007059758917407712,False
0.7999991941011775,0.0007060829641829815,False
0.800000790816689,0.0007060829641829815,False
0.7999991941011775,0.0007060829641829815,False
0.7999991941011775,0.0007059758917407712,False
0.800000790816689,0.0007056546744141422,False
0.7999991941011775,0.000705119312203093,False
0.800000790816689,0.0007050122397608835,False
0.7999991941011775,0.0007052263846453032,False
0.7999991941011775,0.000705119312203093,False
0.7999991941011775,0.000705119312203093,False
0.800000790816689,0.0007052263846453032,False
0.7999991941011775,0.0007054405295297225,False
0.800000790816689,0.0007053334570875126,False
0.7999991941011775,0.000705119312203093,False
0.7999991941011775,0.0007052263846453032,False
0.800000790816689,0.0007053334570875126,False
0.7999991941011775,0.0007053334570875126,False
0.800000790816689,0.0007053334570875126,False
0.7999991941011775,0.0007055476019719323,False
0.7999991941011775,0.0007054405295297225,False
0.800000790816689,0.0007054405295297225,False
0.7999991941011775,0.0007055476019719323,False
0.7999991941011775,0.0007056546744141422,False
0.800000790816689,0.0007057617468563516,False
0.7999991941011775,0.0007055476019719323,False
0.800000790816689,0.0007054405295297225,False
0.800000790816689,0.0007237499171476001,False
0.7999975973856659,0.0007066183263940307,False
0.7999991941011775,0.0007066183263940307,False
0.800000790816689,0.0007066183263940307,False
0.7999991941011775,0.0007066183263940307,False
0.800000790816689,0.0007067253988362401,False
0.7999991941011775,0.0007068324712784504,False
0.800000790816689,0.0007067253988362401,False
0.7999991941011775,0.0007069395437206598,False
0.7999991941011775,0.0007067253988362401,False
0.800000790816689,0.0007066183263940307,False
0.7999991941011775,0.0007067253988362401,False
0.7999991941011775,0.0007067253988362401,False
0.800000790816689,0.0007067253988362401,False
0.7999991941011775,0.0007067253988362401,False
0.800000790816689,0.0007069395437206598,False
0.7999991941011775,0.0007069395437206598,False
0.7999991941011775,0.0007070466161628697,False
0.800000790816689,0.0007065112539518205,False
0.7999991941011775,0.0007060829641829815,False
0.7999991941011775,0.0007061900366251909,False
0.800000790816689,0.0007060829641829815,False
0.7999991941011775,0.0007060829641829815,False
0.800000790816689,0.0007061900366251909,False
0.7999991941011775,0.0007061900366251909,False
0.7999991941011775,0.0007062971090674012,False
0.800000790816689,0.0007061900366251909,False
0.7999991941011775,0.0007061900366251909,False
0.800000790816689,0.0007060829641829815,False
0.7999975973856659,0.0007061900366251909,False
0.800000790816689,0.0007060829641829815,False
0.800000790816689,0.0007060829641829815,False
0.7999991941011775,0.0007061900366251909,False
0.7999991941011775,0.0007061900366251909,False
0.800000790816689,0.0007061900366251909,False
0.7999991941011775,0.000706404181509611,False
0.7999991941011775,0.0007062971090674012,False
0.800000790816689,0.0007062971090674012,False
0.7999991941011775,0.000706404181509611,False
0.800000790816689,0.0007241782069164391,False
0.7999991941011775,0.000707474905931709,False
0.800000790816689,0.0007075819783739184,False
0.7999991941011775,0.0007075819783739184,False
0.7999991941011775,0.000707474905931709,False
0.800000790816689,0.000707474905931709,False
0.7999991941011775,0.000707474905931709,False
0.800000790816689,0.0007076890508161287,False
0.7999991941011775,0.0007075819783739184,False
0.800000790816689,0.0007076890508161287,False
0.7999991941011775,0.0007076890508161287,False
0.7999991941011775,0.0007075819783739184,False
0.7999991941011775,0.0007076890508161287,False
0.800000790816689,0.0007075819783739184,False
0.7999991941011775,0.0007075819783739184,False
0.800000790816689,0.0007076890508161287,False
0.7999991941011775,0.0007076890508161287,False
0.7999991941011775,0.0007071536886050795,False
0.7999991941011775,0.0007068324712784504,False
0.800000790816689,0.0007070466161628697,False
0.800000790816689,0.0007069395437206598,False
0.7999991941011775,0.0007068324712784504,False
0.7999991941011775,0.0007070466161628697,False
0.800000790816689,0.0007069395437206598,False
0.7999991941011775,0.0007069395437206598,False
0.7999991941011775,0.0007069395437206598,False
0.800000790816689,0.0007069395437206598,False
0.7999991941011775,0.0007069395437206598,False
0.800000790816689,0.0007070466161628697,False
0.7999975973856659,0.0007069395437206598,False
0.800000790816689,0.0007069395437206598,False
0.800000790816689,0.0007068324712784504,False
0.7999991941011775,0.0007071536886050795,False
0.7999991941011775,0.0007069395437206598,False
0.800000790816689,0.0007071536886050795,False
0.7999991941011775,0.0007071536886050795,False
0.800000790816689,0.0007071536886050795,False
0.7999991941011775,0.0007071536886050795,False
0.7999991941011775,0.0007241782069164391,False
0.800000790816689,0.0007079031957005484,False
0.7999991941011775,0.0007079031957005484,False
0.7999991941011775,0.0007077961232583381,False
0.800000790816689,0.0007076890508161287,False
0.7999991941011775,0.0007079031957005484,False
0.7999991941011775,0.0007079031957005484,False
0.800000790816689,0.0007080102681427578,False
0.7999991941011775,0.0007080102681427578,False
0.7999991941011775,0.0007080102681427578,False
0.800000790816689,0.0007080102681427578,False
0.7999991941011775,0.0007080102681427578,False
0.800000790816689,0.0007080102681427578,False
0.7999991941011775,0.0007079031957005484,False
0.800000790816689,0.0007080102681427578,False
0.7999991941011775,0.0007080102681427578,False
0.7999991941011775,0.0007080102681427578,False
0.800000790816689,0.0007080102681427578,False
0.7999991941011775,0.0007081173405849676,False
0.7999991941011775,0.000707474905931709,False
0.800000790816689,0.0007072607610472893,False
0.7999991941011775,0.0007073678334894988,False
0.7999991941011775,0.0007072607610472893,False
0.800000790816689,0.0007073678334894988,False
0.7999991941011775,0.0007070466161628697,False
0.800000790816689,0.0007073678334894988,False
0.7999991941011775,0.0007073678334894988,False
0.7999991941011775,0.0007072607610472893,False
0.800000790816689,0.0007072607610472893,False
0.7999991941011775,0.0007073678334894988,False
0.800000790816689,0.0007072607610472893,False
0.7999991941011775,0.0007073678334894988,False
0.7999991941011775,0.0007072607610472893,False
0.800000790816689,0.0007073678334894988,False
0.7999991941011775,0.000707474905931709,False
0.7999991941011775,0.0007073678334894988,False
0.800000790816689,0.000707474905931709,False
0.7999991941011775,0.0007073678334894988,False
0.7999991941011775,0.0007073678334894988,False
0.800000790816689,0.000707474905931709,False
0.800000790816689,0.000707474905931709,False
0.7999991941011775,0.000707474905931709,False
0.7999991941011775,0.000707474905931709,False
0.7999991941011775,0.0007073678334894988,False
0.800000790816689,0.000707474905931709,False
0.7999991941011775,0.0007075819783739184,False
0.800000790816689,0.0007076890508161287,False
0.7999991941011775,0.0007075819783739184,False
0.7999991941011775,0.0007075819783739184,False
0.800000790816689,0.0007076890508161287,False
0.7999991941011775,0.0007075819783739184,False
0.800000790816689,0.0007077961232583381,False
0.7999991941011775,0.0007077961232583381,False
0.800000790816689,0.0007077961232583381,False
0.7999991941011775,0.0007077961232583381,False
0.7999991941011775,0.0007076890508161287,False
0.800000790816689,0.0007076890508161287,False
0.7999991941011775,0.0007077961232583381,False
0.7999991941011775,0.0007079031957005484,False
0.800000790816689,0.0007077961232583381,False
0.7999991941011775,0.0007077961232583381,False
0.800000790816689,0.0007077961232583381,False
0.7999975973856659,0.0007075819783739184,False
0.800000790816689,0.0007077961232583381,False
0.800000790816689,0.0007077961232583381,False
0.7999991941011775,0.0007076890508161287,False
0.7999991941011775,0.0007077961232583381,False
0.800000790816689,0.0007079031957005484,False
0.7999991941011775,0.0007077961232583381,False
0.7999991941011775,0.0007077961232583381,False
0.800000790816689,0.0007077961232583381,False
0.7999991941011775,0.0007077961232583381,False
0.800000790816689,0.0007076890508161287,False
0.7999991941011775,0.0007080102681427578,False
0.7999991941011775,0.0007079031957005484,False
0.800000790816689,0.0007076890508161287,False
0.7999991941011775,0.0007079031957005484,False
0.7999991941011775,0.0007079031957005484,False
0.800000790816689,0.0007079031957005484,False
0.7999991941011775,0.0007079031957005484,False
0.800000790816689,0.0007080102681427578,False
0.7999991941011775,0.0007079031957005484,False
0.7999991941011775,0.0007080102681427578,False
0.7999991941011775,0.0007079031957005484,False
0.800000790816689,0.0007081173405849676,False
0.7999991941011775,0.0007079031957005484,False
0.800000790816689,0.0007077961232583381,False
0.800000790816689,0.0007080102681427578,False
0.7999991941011775,0.0007079031957005484,False
0.7999991941011775,0.0007077961232583381,False
0.7999991941011775,0.0007080102681427578,False
0.800000790816689,0.0007079031957005484,False
0.7999991941011775,0.0007079031957005484,False
0.7999991941011775,0.0007079031957005484,False
0.800000790816689,0.0007079031957005484,False
0.800000790816689,0.0007081173405849676,False
0.7999991941011775,0.0007079031957005484,False
0.7999991941011775,0.0007079031957005484,False
0.7999991941011775,0.0007079031957005484,False
0.800000790816689,0.0007080102681427578,False
0.7999991941011775,0.0007080102681427578,False
0.7999991941011775,0.0007080102681427578,False
0.800000790816689,0.0007082244130271775,False
0.7999991941011775,0.0007079031957005484,False
0.800000790816689,0.0007082244130271775,False
0.7999991941011775,0.0007080102681427578,False
0.800000790816689,0.0007081173405849676,False
0.7999991941011775,0.0007081173405849676,False
0.7999991941011775,0.0007080102681427578,False
0.800000790816689,0.0007081173405849676,False
0.7999991941011775,0.0007081173405849676,False
0.7999991941011775,0.0007080102681427578,False
0.800000790816689,0.0007080102681427578,False
0.7999991941011775,0.0007081173405849676,False
0.7999991941011775,0.0007081173405849676,False
0.800000790816689,0.0007081173405849676,False
0.7999991941011775,0.0007079031957005484,False
0.7999991941011775,0.0007082244130271775,False
0.800000790816689,0.0007080102681427578,False
0.800000790816689,0.0007080102681427578,False
0.7999991941011775,0.0007080102681427578,False
0.800000790816689,0.0007080102681427578,False
0.7999991941011775,0.0007080102681427578,False
0.7999991941011775,0.0007079031957005484,False
0.7999991941011775,0.0007081173405849676,False
0.7999991941011775,0.0007081173405849676,False
0.800000790816689,0.0007081173405849676,False
0.800000790816689,0.0007080102681427578,False
0.7999991941011775,0.0007081173405849676,False
0.7999991941011775,0.0007080102681427578,False
0.800000790816689,0.0007081173405849676,False
0.7999991941011775,0.0007081173405849676,False
0.7999991941011775,0.0007083314854693873,False
0.800000790816689,0.0007080102681427578,False
0.7999991941011775,0.0007083314854693873,False
0.800000790816689,0.0007083314854693873,False
0.7999991941011775,0.0007083314854693873,False
0.7999991941011775,0.0007082244130271775,False
0.7999991941011775,0.0007083314854693873,False
0.800000790816689,0.0007083314854693873,False
0.7999991941011775,0.0007084385579115967,False
0.800000790816689,0.0007082244130271775,False
0.7999991941011775,0.0007084385579115967,False
0.800000790816689,0.0007083314854693873,False
0.7999991941011775,0.0007084385579115967,False
0.7999991941011775,0.0007083314854693873,False
0.7999991941011775,0.0007084385579115967,False
0.800000790816689,0.0007083314854693873,False
0.800000790816689,0.0007084385579115967,False
0.7999991941011775,0.0007084385579115967,False
0.7999991941011775,0.000708545630353807,False
0.7999991941011775,0.000708545630353807,False
0.800000790816689,0.0007082244130271775,False
0.7999991941011775,0.0007084385579115967,False
0.800000790816689,0.0007082244130271775,False
0.7999991941011775,0.0007084385579115967,False
0.7999991941011775,0.0007084385579115967,False
0.800000790816689,0.0007084385579115967,False
0.7999991941011775,0.0007084385579115967,False
0.7999991941011775,0.0007086527027960168,False
0.800000790816689,0.0007083314854693873,False
0.7999991941011775,0.000708545630353807,False
0.800000790816689,0.0007084385579115967,False
0.7999991941011775,0.000708545630353807,False
0.800000790816689,0.0007084385579115967,False
0.7999991941011775,0.0007086527027960168,False
0.7999991941011775,0.000708545630353807,False
0.7999991941011775,0.0007084385579115967,False
0.800000790816689,0.000708545630353807,False
0.7999991941011775,0.0007083314854693873,False
0.800000790816689,0.0007086527027960168,False
0.7999991941011775,0.0007084385579115967,False
0.7999991941011775,0.000708545630353807,False
0.7999991941011775,0.000708545630353807,False
0.800000790816689,0.000708545630353807,False
0.800000790816689,0.0007084385579115967,False
0.7999991941011775,0.0007084385579115967,False
0.800000790816689,0.0007088668476804365,False
0.7999991941011775,0.000708545630353807,False
0.7999991941011775,0.00030595324764492657,False
0.800000790816689,0.00024128149255020232,False
0.800000790816689,0.00024085320278136296,False
0.7999991941011775,0.0002404249130125236,False
0.800000790816689,0.00023988955080147482,False
0.7999991941011775,0.00023946126103263545,False
0.7999991941011775,0.00023903297126379609,False
0.800000790816689,0.00023871175393716613,False
0.7999991941011775,0.00023828346416832763,False
0.7999991941011775,0.00023806931928390795,False
0.800000790816689,0.00023764102951506858,False
0.800000790816689,0.0002375339570728583,False
0.7999991941011775,0.00023699859486180953,False
0.7999991941011775,0.00023689152241959926,False
0.7999991941011775,0.00023646323265076076,False
0.7999991941011775,0.00023646323265076076,False
0.800000790816689,0.00023592787043971112,False
0.800000790816689,0.0002358207979975017,False
0.7999991941011775,0.00023539250822866235,False
0.7999991941011775,0.00023507129090203326,False
0.7999991941011775,0.00023496421845982298,False
0.800000790816689,0.00023485714601761357,False
0.7999991941011775,0.0002344288562487742,False
0.800000790816689,0.0002343217838065648,False
0.7999991941011775,0.00023410763892214512,False
0.7999991941011775,0.00023378642159551516,False
0.8000023875322005,0.00023378642159551516,False
0.7999975973856659,0.00023346520426888607,False
0.7999991941011775,0.00023346520426888607,False
0.800000790816689,0.00023314398694225698,False
0.7999991941011775,0.00023282276961562702,False
0.800000790816689,0.0002327156971734176,False
0.7999991941011775,0.00023260862473120734,False
0.800000790816689,0.00023218033496236797,False
0.7999991941011775,0.00023218033496236797,False
0.7999991941011775,0.00023207326252015856,False
0.800000790816689,0.0002319661900779483,False
0.7999991941011775,0.0002316449727513192,False
0.800000790816689,0.0002315379003091098,False
0.7999991941011775,0.0002313237554246901,False
0.7999991941011775,0.00023110961054027043,False
0.7999991941011775,0.00023100253809806015,False
0.800000790816689,0.00023100253809806015,False
0.7999991941011775,0.00023078839321364047,False
0.800000790816689,0.00023068132077143106,False
0.7999991941011775,0.0002302530310025917,False
0.7999991941011775,0.0002303601034448011,False
0.800000790816689,0.000230038886118172,False
0.7999991941011775,0.000230038886118172,False
0.800000790816689,0.00022982474123375233,False
0.7999991941011775,0.00022971766879154292,False
0.7999991941011775,0.00022961059634933265,False
0.800000790816689,0.00022928937902270356,False
0.7999991941011775,0.00022928937902270356,False
0.7999991941011775,0.00022918230658049328,False
0.800000790816689,0.00022918230658049328,False
0.7999991941011775,0.00022918230658049328,False
0.800000790816689,0.0002288610892538642,False
0.7999991941011775,0.00022875401681165392,False
0.800000790816689,0.00022875401681165392,False
0.7999991941011775,0.00022853987192723423,False
0.7999991941011775,0.00022843279948502482,False
0.7999991941011775,0.00022843279948502482,False
0.800000790816689,0.00022800450971618546,False
0.7999991941011775,0.00022800450971618546,False
0.800000790816689,0.00022821865460060514,False
0.7999991941011775,0.00022779036483176664,False
0.800000790816689,0.00022779036483176664,False
0.7999991941011775,0.00022768329238955637,False
0.7999991941011775,0.00022779036483176664,False
0.800000790816689,0.00022736207506292728,False
0.7999991941011775,0.00022736207506292728,False
0.7999991941011775,0.000227255002620717,False
0.800000790816689,0.000227255002620717,False
0.7999991941011775,0.00022714793017850673,False
