0.7999991941011775,0.00028582362850948246,False
0.800000790816689,0.00028603777339390214,False
0.7999991941011775,0.00028614484583611155,False
0.800000790816689,0.00028603777339390214,False
0.7999991941011775,0.00028635899072053123,False
0.7999991941011775,0.00028635899072053123,False
0.800000790816689,0.0002866802080471603,False
0.7999991941011775,0.0002866802080471603,False
0.7999991941011775,0.0002867872804893706,False
0.800000790816689,0.0002866802080471603,False
0.7999991941011775,0.00028689435293158,False
0.800000790816689,0.00028689435293158,False
0.7999991941011775,0.0002871084978159997,False
0.7999991941011775,0.0002870014253737903,False
0.800000790816689,0.0002867872804893706,False
0.7999991941011775,0.0002867872804893706,False
0.7999991941011775,0.0002867872804893706,False
0.800000790816689,0.0002871084978159997,False
0.7999991941011775,0.0002870014253737903,False
0.800000790816689,0.00028721557025820996,False
0.7999991941011775,0.00028732264270041937,False
0.7999991941011775,0.0002871084978159997,False
0.800000790816689,0.00028721557025820996,False
0.7999991941011775,0.00028721557025820996,False
0.7999991941011775,0.00028753678758483905,False
0.800000790816689,0.00028742971514262965,False
0.7999991941011775,0.00028753678758483905,False
0.800000790816689,0.00028775093246925874,False
0.7999991941011775,0.00028742971514262965,False
0.800000790816689,0.00028764386002704933,False
0.7999975973856659,0.000287858004911469,False
0.800000790816689,0.00028753678758483905,False
0.800000790816689,0.000287858004911469,False
0.7999991941011775,0.000287858004911469,False
0.7999991941011775,0.00028775093246925874,False
0.800000790816689,0.0002879650773536784,False
0.7999991941011775,0.000287858004911469,False
0.800000790816689,0.0002880721497958887,False
0.7999991941011775,0.0002879650773536784,False
0.7999991941011775,0.0002879650773536784,False
0.800000790816689,0.0002880721497958887,False
0.7999991941011775,0.0002881792222380981,False
0.7999991941011775,0.0002882862946803075,False
0.800000790816689,0.0002882862946803075,False
0.7999991941011775,0.0002883933671225178,False
0.7999991941011775,0.0002882862946803075,False
0.800000790816689,0.00028860751200693747,False
0.7999991941011775,0.0002885004395647272,False
0.7999991941011775,0.0002883933671225178,False
0.800000790816689,0.00028860751200693747,False
0.7999991941011775,0.00028860751200693747,False
0.800000790816689,0.00028860751200693747,False
0.7999991941011775,0.0002887145844491469,False
0.7999991941011775,0.0002887145844491469,False
0.800000790816689,0.00028892872933356656,False
0.7999991941011775,0.00028892872933356656,False
0.7999991941011775,0.00028882165689135715,False
0.800000790816689,0.00028892872933356656,False
0.800000790816689,0.00028882165689135715,False
0.7999991941011775,0.00028882165689135715,False
0.7999991941011775,0.00028903580177577683,False
0.800000790816689,0.0002892499466601965,False
0.7999991941011775,0.00028903580177577683,False
0.7999991941011775,0.0002892499466601965,False
0.800000790816689,0.00028914287421798624,False
0.7999991941011775,0.0002892499466601965,False
0.800000790816689,0.00028914287421798624,False
0.7999991941011775,0.0002892499466601965,False
0.7999991941011775,0.0002894640915446162,False
0.7999991941011775,0.0002893570191024059,False
0.800000790816689,0.0002893570191024059,False
0.7999991941011775,0.0002894640915446162,False
0.800000790816689,0.0002893570191024059,False
0.7999991941011775,0.0002894640915446162,False
0.800000790816689,0.0002895711639868256,False
0.7999991941011775,0.0002894640915446162,False
0.7999991941011775,0.0002893570191024059,False
0.7999991941011775,0.0002894640915446162,False
0.800000790816689,0.0002896782364290359,False
0.800000790816689,0.0002896782364290359,False
0.7999991941011775,0.0002896782364290359,False
0.800000790816689,0.0002895711639868256,False
0.7999991941011775,0.0002896782364290359,False
0.7999991941011775,0.0002897853088712453,False
0.7999991941011775,0.0002897853088712453,False
0.800000790816689,0.0002898923813134547,False
0.7999991941011775,0.0002898923813134547,False
0.800000790816689,0.0002898923813134547,False
0.7999991941011775,0.0002898923813134547,False
0.7999991941011775,0.00028999945375566497,False
0.800000790816689,0.0002898923813134547,False
0.7999991941011775,0.0002901065261978744,False
0.7999991941011775,0.0002901065261978744,False
0.800000790816689,0.00028999945375566497,False
0.7999991941011775,0.00028999945375566497,False
0.7999991941011775,0.0002901065261978744,False
0.7999991941011775,0.00029021359864008466,False
0.800000790816689,0.0002901065261978744,False
0.800000790816689,0.00029032067108229406,False
0.7999991941011775,0.00029032067108229406,False
0.7999991941011775,0.00029042774352450434,False
0.800000790816689,0.00029032067108229406,False
0.7999991941011775,0.00029042774352450434,False
0.800000790816689,0.00029053481596671375,False
0.7999975973856659,0.00029053481596671375,False
0.800000790816689,0.000290641888408924,False
0.800000790816689,0.000290641888408924,False
0.7999991941011775,0.00029053481596671375,False
0.7999991941011775,0.00029042774352450434,False
0.800000790816689,0.00029053481596671375,False
0.7999991941011775,0.00029053481596671375,False
0.7999991941011775,0.0002908560332933437,False
0.800000790816689,0.00029074896085113343,False
0.7999991941011775,0.00029074896085113343,False
0.800000790816689,0.000290641888408924,False
0.7999991941011775,0.000290641888408924,False
0.7999991941011775,0.0002908560332933437,False
0.800000790816689,0.0002908560332933437,False
0.7999991941011775,0.0002908560332933437,False
0.800000790816689,0.0002908560332933437,False
0.7999991941011775,0.0002909631057355531,False
0.7999991941011775,0.0002910701781777634,False
0.800000790816689,0.0002910701781777634,False
0.7999991941011775,0.0002908560332933437,False
0.7999991941011775,0.0002908560332933437,False
0.800000790816689,0.0002910701781777634,False
0.7999991941011775,0.0002910701781777634,False
0.7999991941011775,0.0010266310880485958,False
0.7999991941011775,0.0007162548461929134,False
0.800000790816689,0.0007165760635195425,False
0.7999991941011775,0.0007165760635195425,False
0.7999991941011775,0.000716897280846172,False
0.7999991941011775,0.000716897280846172,False
0.800000790816689,0.0007172184981728016,False
0.800000790816689,0.0007172184981728016,False
0.7999975973856659,0.0007173255706150114,False
0.800000790816689,0.0007173255706150114,False
0.800000790816689,0.0007346713062530001,False
0.7999991941011775,0.00071796800526827,False
0.7999991941011775,0.0007178609328260606,False
0.7999991941011775,0.00071796800526827,False
0.800000790816689,0.0007181821501526897,False
0.7999991941011775,0.0007181821501526897,False
0.800000790816689,0.0007182892225948995,False
0.7999991941011775,0.0007183962950371094,False
0.800000790816689,0.0007183962950371094,False
0.7999991941011775,0.0007186104399215286,False
0.7999991941011775,0.0007185033674793192,False
0.800000790816689,0.0007188245848059483,False
0.7999991941011775,0.0007188245848059483,False
0.7999991941011775,0.0007187175123637389,False
0.800000790816689,0.0007189316572481586,False
0.7999991941011775,0.000719038729690368,False
0.800000790816689,0.000719038729690368,False
0.7999991941011775,0.0007191458021325778,False
0.800000790816689,0.0007188245848059483,False
0.7999991941011775,0.0007187175123637389,False
0.7999991941011775,0.0007185033674793192,False
0.7999991941011775,0.0007188245848059483,False
0.800000790816689,0.0007189316572481586,False
0.7999991941011775,0.0007188245848059483,False
0.800000790816689,0.0007189316572481586,False
0.7999991941011775,0.0007189316572481586,False
0.7999991941011775,0.000719038729690368,False
0.800000790816689,0.0007192528745747877,False
0.7999991941011775,0.0007192528745747877,False
0.7999991941011775,0.000719038729690368,False
0.800000790816689,0.0007192528745747877,False
0.7999991941011775,0.0007192528745747877,False
0.800000790816689,0.0007194670194592078,False
0.7999991941011775,0.0007193599470169975,False
0.800000790816689,0.0007194670194592078,False
0.7999991941011775,0.0007195740919014172,False
0.7999991941011775,0.0007196811643436275,False
0.800000790816689,0.0007197882367858369,False
0.7999991941011775,0.0007200023816702566,False
0.800000790816689,0.0007200023816702566,False
0.7999991941011775,0.0007377764070770846,False
0.7999991941011775,0.0007211801785345644,False
0.7999991941011775,0.0007210731060923545,False
0.7999991941011775,0.0007212872509767738,False
0.800000790816689,0.0007210731060923545,False
0.7999991941011775,0.0007212872509767738,False
0.800000790816689,0.0007213943234189841,False
0.800000790816689,0.0007215013958611939,False
0.7999991941011775,0.0007216084683034038,False
0.7999991941011775,0.0007217155407456136,False
0.7999991941011775,0.000721822613187823,False
0.800000790816689,0.000721822613187823,False
0.800000790816689,0.0007217155407456136,False
0.7999975973856659,0.000721822613187823,False
0.800000790816689,0.000721822613187823,False
0.7999991941011775,0.0007220367580722427,False
0.800000790816689,0.0007220367580722427,False
0.7999991941011775,0.000722143830514453,False
0.7999991941011775,0.0007220367580722427,False
0.800000790816689,0.000721822613187823,False
0.7999991941011775,0.000721822613187823,False
0.800000790816689,0.000721822613187823,False
0.7999991941011775,0.000721822613187823,False
0.7999991941011775,0.0007219296856300333,False
0.800000790816689,0.0007219296856300333,False
0.7999991941011775,0.0007220367580722427,False
0.800000790816689,0.0007222509029566624,False
0.7999991941011775,0.0007220367580722427,False
0.7999991941011775,0.000722143830514453,False
0.7999991941011775,0.0007220367580722427,False
0.800000790816689,0.0007220367580722427,False
0.800000790816689,0.0007223579753988726,False
0.7999991941011775,0.0007225721202832919,False
0.7999991941011775,0.000722465047841082,False
0.800000790816689,0.0007226791927255017,False
0.7999991941011775,0.0007225721202832919,False
0.7999991941011775,0.0007226791927255017,False
0.800000790816689,0.0007227862651677116,False
0.7999991941011775,0.000739917855921281,False
0.7999991941011775,0.000722893337609921,False
0.800000790816689,0.0007232145549365509,False
0.7999991941011775,0.0007230004100521313,False
0.800000790816689,0.0007231074824943407,False
0.7999991941011775,0.0007232145549365509,False
0.7999991941011775,0.0007233216273787603,False
0.800000790816689,0.0007231074824943407,False
0.7999991941011775,0.0007232145549365509,False
0.800000790816689,0.0007233216273787603,False
0.7999991941011775,0.0007233216273787603,False
0.7999991941011775,0.0007232145549365509,False
0.7999991941011775,0.0007232145549365509,False
0.800000790816689,0.0007233216273787603,False
0.800000790816689,0.0007233216273787603,False
0.7999991941011775,0.0007233216273787603,False
0.800000790816689,0.0007234286998209702,False
0.7999991941011775,0.0007234286998209702,False
0.7999991941011775,0.0007232145549365509,False
0.7999991941011775,0.0007232145549365509,False
0.7999991941011775,0.0007231074824943407,False
0.8000023875322005,0.0007233216273787603,False
0.7999991941011775,0.0007232145549365509,False
0.7999991941011775,0.0007233216273787603,False
0.800000790816689,0.0007234286998209702,False
0.7999975973856659,0.00072353577226318,False
0.800000790816689,0.0007233216273787603,False
0.7999991941011775,0.0007234286998209702,False
0.800000790816689,0.0007236428447053899,False
0.7999991941011775,0.0007237499171476001,False
0.7999991941011775,0.0007238569895898096,False
0.800000790816689,0.0007236428447053899,False
0.7999991941011775,0.0007237499171476001,False
0.7999991941011775,0.0007236428447053899,False
0.800000790816689,0.0007236428447053899,False
0.7999991941011775,0.0007236428447053899,False
0.800000790816689,0.00072353577226318,False
0.7999991941011775,0.0007236428447053899,False
0.800000790816689,0.0007238569895898096,False
0.7999991941011775,0.0007238569895898096,False
0.7999991941011775,0.0007414168701122183,False
0.7999991941011775,0.0007246064966852784,False
0.800000790816689,0.0007247135691274879,False
0.7999991941011775,0.0007246064966852784,False
0.7999991941011775,0.0007247135691274879,False
0.800000790816689,0.0007247135691274879,False
0.7999991941011775,0.0007248206415696981,False
0.800000790816689,0.0007247135691274879,False
0.7999991941011775,0.0007249277140119075,False
0.800000790816689,0.0007249277140119075,False
0.7999991941011775,0.0007249277140119075,False
0.800000790816689,0.0007250347864541174,False
0.7999991941011775,0.0007250347864541174,False
0.7999991941011775,0.0007249277140119075,False
0.7999991941011775,0.0007247135691274879,False
0.800000790816689,0.0007250347864541174,False
0.7999991941011775,0.0007250347864541174,False
0.800000790816689,0.0007250347864541174,False
0.7999991941011775,0.0007249277140119075,False
0.800000790816689,0.0007249277140119075,False
0.7999991941011775,0.0007250347864541174,False
0.7999991941011775,0.0007247135691274879,False
0.800000790816689,0.0007250347864541174,False
0.7999991941011775,0.0007249277140119075,False
0.7999991941011775,0.0007250347864541174,False
0.800000790816689,0.0007250347864541174,False
0.7999991941011775,0.0007252489313385371,False
0.7999991941011775,0.0007250347864541174,False
0.800000790816689,0.0007251418588963272,False
0.7999991941011775,0.0007253560037807469,False
0.800000790816689,0.0007250347864541174,False
0.7999991941011775,0.0007253560037807469,False
0.800000790816689,0.0007254630762229567,False
0.7999991941011775,0.0007253560037807469,False
0.7999991941011775,0.0007252489313385371,False
0.7999991941011775,0.0007253560037807469,False
0.800000790816689,0.0007253560037807469,False
0.800000790816689,0.0007254630762229567,False
0.7999991941011775,0.0007256772211073764,False
0.7999991941011775,0.0007423805220921065,False
0.7999991941011775,0.0007254630762229567,False
0.7999991941011775,0.0007252489313385371,False
0.800000790816689,0.0007254630762229567,False
0.800000790816689,0.0007253560037807469,False
0.7999991941011775,0.0007253560037807469,False
0.7999991941011775,0.0007253560037807469,False
0.800000790816689,0.0007254630762229567,False
0.7999991941011775,0.0007255701486651661,False
0.7999991941011775,0.0007253560037807469,False
0.800000790816689,0.0007255701486651661,False
0.7999991941011775,0.0007254630762229567,False
0.800000790816689,0.0007254630762229567,False
0.7999991941011775,0.0007254630762229567,False
0.7999991941011775,0.0007253560037807469,False
0.800000790816689,0.0007254630762229567,False
0.7999991941011775,0.0007255701486651661,False
0.7999991941011775,0.0007254630762229567,False
0.800000790816689,0.0007255701486651661,False
0.7999991941011775,0.0007252489313385371,False
0.800000790816689,0.0007252489313385371,False
0.7999991941011775,0.0007253560037807469,False
0.7999991941011775,0.0007252489313385371,False
0.800000790816689,0.0007253560037807469,False
0.7999991941011775,0.0007254630762229567,False
0.7999991941011775,0.0007253560037807469,False
0.800000790816689,0.0007254630762229567,False
0.7999991941011775,0.0007253560037807469,False
0.7999991941011775,0.0007255701486651661,False
0.800000790816689,0.0007256772211073764,False
0.7999991941011775,0.0007253560037807469,False
0.800000790816689,0.0007256772211073764,False
0.7999991941011775,0.0007257842935495863,False
0.7999991941011775,0.0007255701486651661,False
0.800000790816689,0.0007257842935495863,False
0.800000790816689,0.0007255701486651661,False
0.7999991941011775,0.0007254630762229567,False
0.7999991941011775,0.0007257842935495863,False
0.7999991941011775,0.0007258913659917961,False
0.800000790816689,0.0007255701486651661,False
0.800000790816689,0.0007430229567453655,False
0.7999975973856659,0.0007267479455294744,False
0.800000790816689,0.0007267479455294744,False
0.7999991941011775,0.0007268550179716842,False
0.800000790816689,0.0007267479455294744,False
0.7999991941011775,0.0007265338006450547,False
0.800000790816689,0.0007267479455294744,False
0.7999991941011775,0.0007267479455294744,False
0.800000790816689,0.0007266408730872646,False
0.7999991941011775,0.0007267479455294744,False
0.7999991941011775,0.0007267479455294744,False
0.7999991941011775,0.0007267479455294744,False
0.800000790816689,0.0007267479455294744,False
0.7999991941011775,0.0007267479455294744,False
0.7999991941011775,0.0007267479455294744,False
0.800000790816689,0.0007267479455294744,False
0.7999991941011775,0.0007269620904138941,False
0.800000790816689,0.0007268550179716842,False
0.7999991941011775,0.0007267479455294744,False
0.800000790816689,0.0007267479455294744,False
0.7999991941011775,0.0007265338006450547,False
0.7999991941011775,0.0007268550179716842,False
0.800000790816689,0.0007267479455294744,False
0.7999991941011775,0.0007268550179716842,False
0.7999991941011775,0.0007267479455294744,False
0.7999991941011775,0.0007268550179716842,False
0.800000790816689,0.0007267479455294744,False
0.800000790816689,0.0007268550179716842,False
0.7999991941011775,0.0007269620904138941,False
0.7999991941011775,0.0007269620904138941,False
0.800000790816689,0.0007269620904138941,False
0.7999991941011775,0.0007271762352983133,False
0.7999991941011775,0.0007268550179716842,False
0.800000790816689,0.0007270691628561039,False
0.7999991941011775,0.0007270691628561039,False
0.7999991941011775,0.0007270691628561039,False
0.800000790816689,0.0007270691628561039,False
0.7999991941011775,0.000727390380182733,False
0.800000790816689,0.0007271762352983133,False
0.7999991941011775,0.0007445219709363024,False
0.800000790816689,0.0007272833077405236,False
0.7999991941011775,0.0007272833077405236,False
0.7999991941011775,0.0007271762352983133,False
0.800000790816689,0.000727390380182733,False
0.7999991941011775,0.0007272833077405236,False
0.7999991941011775,0.000727390380182733,False
0.800000790816689,0.000727390380182733,False
0.7999991941011775,0.000727390380182733,False
0.7999991941011775,0.0007272833077405236,False
0.800000790816689,0.0007274974526249433,False
0.800000790816689,0.0007274974526249433,False
0.7999975973856659,0.000727390380182733,False
0.800000790816689,0.0007276045250671527,False
0.7999991941011775,0.0007272833077405236,False
0.800000790816689,0.0007274974526249433,False
0.7999991941011775,0.0007274974526249433,False
0.800000790816689,0.0007274974526249433,False
0.7999991941011775,0.0007270691628561039,False
0.7999991941011775,0.000727390380182733,False
0.800000790816689,0.0007272833077405236,False
0.7999991941011775,0.0007271762352983133,False
0.800000790816689,0.0007272833077405236,False
0.7999991941011775,0.0007271762352983133,False
0.7999991941011775,0.000727390380182733,False
0.7999991941011775,0.0007272833077405236,False
0.800000790816689,0.0007274974526249433,False
0.7999991941011775,0.0007274974526249433,False
0.800000790816689,0.0007274974526249433,False
0.7999991941011775,0.000727390380182733,False
0.7999991941011775,0.0007274974526249433,False
0.800000790816689,0.0007277115975093625,False
0.7999991941011775,0.0007276045250671527,False
0.7999991941011775,0.0007276045250671527,False
0.800000790816689,0.0007276045250671527,False
0.800000790816689,0.0007276045250671527,False
0.7999991941011775,0.0007276045250671527,False
0.7999991941011775,0.0007276045250671527,False
0.7999991941011775,0.0007277115975093625,False
0.800000790816689,0.0007452714780317713,False
0.7999991941011775,0.0007285681770470413,False
0.7999991941011775,0.0007283540321626216,False
0.7999991941011775,0.0007284611046048314,False
0.800000790816689,0.0007285681770470413,False
0.800000790816689,0.0007283540321626216,False
0.7999991941011775,0.0007287823219314605,False
0.7999991941011775,0.0007284611046048314,False
0.800000790816689,0.0007286752494892511,False
0.7999991941011775,0.0007285681770470413,False
0.7999991941011775,0.0007284611046048314,False
0.800000790816689,0.0007288893943736708,False
0.7999991941011775,0.0007284611046048314,False
0.800000790816689,0.0007287823219314605,False
0.7999991941011775,0.0007286752494892511,False
0.800000790816689,0.0007286752494892511,False
0.7999991941011775,0.0007285681770470413,False
0.7999991941011775,0.0007284611046048314,False
0.800000790816689,0.0007285681770470413,False
0.7999991941011775,0.0007286752494892511,False
0.7999991941011775,0.0007284611046048314,False
0.7999991941011775,0.0007286752494892511,False
0.800000790816689,0.0007286752494892511,False
0.7999991941011775,0.0007286752494892511,False
0.800000790816689,0.0007284611046048314,False
0.7999991941011775,0.0007286752494892511,False
0.800000790816689,0.0007284611046048314,False
0.7999991941011775,0.0007287823219314605,False
0.7999991941011775,0.0007286752494892511,False
0.800000790816689,0.0007285681770470413,False
0.7999991941011775,0.0007287823219314605,False
0.800000790816689,0.0007288893943736708,False
0.7999991941011775,0.0007286752494892511,False
0.800000790816689,0.0007286752494892511,False
0.7999991941011775,0.0007286752494892511,False
0.7999991941011775,0.0007288893943736708,False
0.7999991941011775,0.0007289964668158802,False
0.800000790816689,0.0007459139126850299,False
0.7999991941011775,0.0007287823219314605,False
0.800000790816689,0.0007288893943736708,False
0.800000790816689,0.0007287823219314605,False
0.7999975973856659,0.0007288893943736708,False
0.800000790816689,0.0007288893943736708,False
0.7999991941011775,0.0007286752494892511,False
0.800000790816689,0.0007287823219314605,False
0.7999991941011775,0.0007288893943736708,False
0.7999991941011775,0.0007288893943736708,False
0.7999991941011775,0.0007288893943736708,False
0.800000790816689,0.0007291035392580905,False
0.7999991941011775,0.0007289964668158802,False
0.800000790816689,0.0007288893943736708,False
0.800000790816689,0.0007291035392580905,False
0.7999975973856659,0.0007289964668158802,False
0.800000790816689,0.0007288893943736708,False
0.800000790816689,0.0007289964668158802,False
0.7999991941011775,0.0007286752494892511,False
0.7999991941011775,0.0007285681770470413,False
0.7999991941011775,0.0007283540321626216,False
0.800000790816689,0.0007287823219314605,False
0.7999991941011775,0.0007287823219314605,False
0.7999991941011775,0.0007287823219314605,False
0.800000790816689,0.0007287823219314605,False
0.800000790816689,0.0007288893943736708,False
0.7999991941011775,0.0007286752494892511,False
0.7999991941011775,0.0007287823219314605,False
0.7999991941011775,0.0007288893943736708,False
0.800000790816689,0.0007287823219314605,False
0.7999991941011775,0.0007285681770470413,False
0.800000790816689,0.0007289964668158802,False
0.7999991941011775,0.0007291035392580905,False
0.7999991941011775,0.0007289964668158802,False
0.800000790816689,0.0007291035392580905,False
0.7999991941011775,0.0007289964668158802,False
0.800000790816689,0.0007291035392580905,False
0.7999991941011775,0.0007291035392580905,False
0.7999991941011775,0.0007291035392580905,False
0.7999991941011775,0.000746556347338289,False
0.800000790816689,0.0007294247565847196,False
0.7999991941011775,0.0007296389014691393,False
0.800000790816689,0.0007294247565847196,False
0.7999991941011775,0.0007296389014691393,False
0.7999991941011775,0.0007294247565847196,False
0.800000790816689,0.0007296389014691393,False
0.7999991941011775,0.0007297459739113491,False
0.7999991941011775,0.0007294247565847196,False
0.800000790816689,0.0007297459739113491,False
0.800000790816689,0.0007296389014691393,False
0.7999991941011775,0.0007295318290269294,False
0.7999991941011775,0.0007296389014691393,False
0.7999991941011775,0.0007293176841425097,False
0.800000790816689,0.0007296389014691393,False
0.800000790816689,0.0007295318290269294,False
0.7999991941011775,0.0007295318290269294,False
0.7999991941011775,0.0007295318290269294,False
0.7999991941011775,0.0007293176841425097,False
0.800000790816689,0.0007291035392580905,False
0.7999991941011775,0.0007292106117002999,False
0.7999991941011775,0.0007293176841425097,False
0.800000790816689,0.0007291035392580905,False
0.800000790816689,0.0007292106117002999,False
0.7999991941011775,0.0007291035392580905,False
0.7999991941011775,0.0007292106117002999,False
0.800000790816689,0.0007294247565847196,False
0.7999991941011775,0.0007294247565847196,False
0.7999991941011775,0.0007293176841425097,False
0.7999991941011775,0.0007293176841425097,False
0.800000790816689,0.0007295318290269294,False
0.800000790816689,0.0007293176841425097,False
0.7999975973856659,0.0007293176841425097,False
0.800000790816689,0.0007295318290269294,False
0.800000790816689,0.0007295318290269294,False
0.7999991941011775,0.0007295318290269294,False
0.7999991941011775,0.0007295318290269294,False
0.7999991941011775,0.0007294247565847196,False
0.800000790816689,0.0007296389014691393,False
0.7999991941011775,0.0007295318290269294,False
0.800000790816689,0.0007295318290269294,False
0.7999991941011775,0.0007295318290269294,False
0.800000790816689,0.0007296389014691393,False
0.7999991941011775,0.0007296389014691393,False
0.7999991941011775,0.0007296389014691393,False
0.7999991941011775,0.0007297459739113491,False
0.800000790816689,0.0007294247565847196,False
0.800000790816689,0.0007297459739113491,False
0.7999991941011775,0.0007297459739113491,False
0.7999991941011775,0.0007296389014691393,False
0.7999991941011775,0.0007296389014691393,False
0.800000790816689,0.0007297459739113491,False
0.7999991941011775,0.0007299601187957688,False
0.800000790816689,0.0007298530463535585,False
0.7999991941011775,0.0007299601187957688,False
0.7999991941011775,0.0007298530463535585,False
0.800000790816689,0.0007300671912379786,False
0.7999991941011775,0.0007297459739113491,False
0.800000790816689,0.0007297459739113491,False
0.7999991941011775,0.0007298530463535585,False
0.800000790816689,0.0007299601187957688,False
0.7999975973856659,0.0007298530463535585,False
0.800000790816689,0.0007300671912379786,False
0.7999991941011775,0.0007298530463535585,False
0.800000790816689,0.0007298530463535585,False
0.7999991941011775,0.0007298530463535585,False
0.800000790816689,0.0007299601187957688,False
0.7999991941011775,0.0007299601187957688,False
0.800000790816689,0.0007299601187957688,False
0.7999991941011775,0.0007300671912379786,False
0.7999991941011775,0.0007299601187957688,False
0.7999991941011775,0.0007299601187957688,False
0.800000790816689,0.0007300671912379786,False
0.7999991941011775,0.0007299601187957688,False
0.800000790816689,0.0007299601187957688,False
0.7999991941011775,0.0007299601187957688,False
0.7999991941011775,0.0007299601187957688,False
0.7999991941011775,0.0007299601187957688,False
0.800000790816689,0.0007299601187957688,False
0.800000790816689,0.0007299601187957688,False
0.7999991941011775,0.0007299601187957688,False
0.7999991941011775,0.0007299601187957688,False
0.800000790816689,0.0007299601187957688,False
0.7999991941011775,0.0007298530463535585,False
0.7999991941011775,0.0007298530463535585,False
0.800000790816689,0.0007301742636801885,False
0.800000790816689,0.0007299601187957688,False
0.7999991941011775,0.0007300671912379786,False
0.7999991941011775,0.0007301742636801885,False
0.7999991941011775,0.0007301742636801885,False
0.7999991941011775,0.0007300671912379786,False
0.800000790816689,0.0007301742636801885,False
0.800000790816689,0.0007303884085646077,False
0.7999991941011775,0.0007302813361223983,False
0.7999991941011775,0.0007300671912379786,False
0.800000790816689,0.0007303884085646077,False
0.7999991941011775,0.0007300671912379786,False
0.800000790816689,0.0007302813361223983,False
0.7999991941011775,0.0007302813361223983,False
0.7999991941011775,0.0007301742636801885,False
0.800000790816689,0.0007303884085646077,False
0.7999991941011775,0.0007302813361223983,False
0.7999991941011775,0.0007302813361223983,False
0.7999991941011775,0.0007302813361223983,False
0.800000790816689,0.0007301742636801885,False
0.800000790816689,0.0007303884085646077,False
0.7999991941011775,0.000730495481006818,False
0.7999991941011775,0.0007303884085646077,False
0.7999991941011775,0.0007303884085646077,False
0.800000790816689,0.0007301742636801885,False
0.7999991941011775,0.0007302813361223983,False
0.7999991941011775,0.0007301742636801885,False
0.800000790816689,0.000730495481006818,False
0.800000790816689,0.0007303884085646077,False
0.7999991941011775,0.0007303884085646077,False
0.7999991941011775,0.000730495481006818,False
0.800000790816689,0.0007306025534490274,False
0.7999975973856659,0.0007303884085646077,False
0.800000790816689,0.0007306025534490274,False
0.800000790816689,0.0007302813361223983,False
0.7999991941011775,0.0007303884085646077,False
0.800000790816689,0.0007302813361223983,False
0.7999991941011775,0.0007306025534490274,False
0.7999991941011775,0.000730495481006818,False
0.7999991941011775,0.000730495481006818,False
0.800000790816689,0.000730495481006818,False
0.800000790816689,0.000730495481006818,False
0.7999991941011775,0.0007307096258912377,False
0.7999991941011775,0.0007303884085646077,False
0.800000790816689,0.000730495481006818,False
0.7999991941011775,0.000730495481006818,False
0.7999991941011775,0.000730495481006818,False
0.7999991941011775,0.0007306025534490274,False
0.800000790816689,0.0007303884085646077,False
0.7999991941011775,0.0007306025534490274,False
0.800000790816689,0.0007306025534490274,False
0.7999991941011775,0.000730495481006818,False
0.800000790816689,0.0007306025534490274,False
0.7999991941011775,0.0007306025534490274,False
0.7999991941011775,0.0007303884085646077,False
0.800000790816689,0.0007307096258912377,False
0.7999991941011775,0.0007307096258912377,False
0.7999991941011775,0.0007307096258912377,False
0.800000790816689,0.0007307096258912377,False
0.7999991941011775,0.0007307096258912377,False
0.7999991941011775,0.0007308166983334471,False
0.800000790816689,0.0007306025534490274,False
0.7999991941011775,0.0007307096258912377,False
0.800000790816689,0.0007306025534490274,False
0.7999991941011775,0.0007307096258912377,False
0.800000790816689,0.0007307096258912377,False
0.7999991941011775,0.0007309237707756569,False
0.7999991941011775,0.0007307096258912377,False
0.800000790816689,0.0007308166983334471,False
0.7999991941011775,0.0007307096258912377,False
0.7999991941011775,0.0007307096258912377,False
0.800000790816689,0.0007307096258912377,False
0.7999991941011775,0.0007307096258912377,False
0.7999991941011775,0.0007308166983334471,False
0.800000790816689,0.0007310308432178668,False
0.7999991941011775,0.0007306025534490274,False
0.800000790816689,0.0007307096258912377,False
0.7999991941011775,0.0007308166983334471,False
0.800000790816689,0.0007307096258912377,False
0.7999991941011775,0.0007307096258912377,False
0.7999991941011775,0.0007309237707756569,False
0.7999991941011775,0.0007307096258912377,False
0.800000790816689,0.0007309237707756569,False
0.7999991941011775,0.0007307096258912377,False
0.800000790816689,0.0007307096258912377,False
0.7999991941011775,0.0007307096258912377,False
0.800000790816689,0.0007308166983334471,False
0.7999991941011775,0.0007309237707756569,False
0.7999991941011775,0.0007309237707756569,False
0.7999991941011775,0.0007309237707756569,False
0.800000790816689,0.0007310308432178668,False
0.7999991941011775,0.0007308166983334471,False
0.800000790816689,0.0007310308432178668,False
0.7999991941011775,0.0007308166983334471,False
0.800000790816689,0.0004276946144374785,False
0.800000790816689,0.0002638737778564715,False
0.7999991941011775,0.0002633384156454227,False
0.800000790816689,0.00026291012587658334,False
0.7999991941011775,0.000262481836107744,False
0.7999991941011775,0.0002619464738966952,False
0.800000790816689,0.0002618394014544858,False
0.7999991941011775,0.00026108989435901647,False
0.7999991941011775,0.00026108989435901647,False
0.800000790816689,0.0002602333148213386,False
0.7999991941011775,0.00026012624237912833,False
0.800000790816689,0.00025980502505249924,False
0.7999991941011775,0.0002594838077258693,False
0.7999991941011775,0.0002591625903992402,False
0.800000790816689,0.00025884137307261024,False
0.7999991941011775,0.0002586272281881914,False
0.800000790816689,0.00025841308330377174,False
0.7999991941011775,0.00025819893841935206,False
0.7999991941011775,0.0002578777210927221,False
0.800000790816689,0.000257556503766093,False
0.7999991941011775,0.000257556503766093,False
0.7999991941011775,0.00025712821399725364,False
0.800000790816689,0.00025691406911283396,False
0.7999991941011775,0.00025659285178620487,False
0.800000790816689,0.0002564857793439946,False
0.7999991941011775,0.0002563787069017852,False
0.7999991941011775,0.0002561645620173655,False
0.800000790816689,0.00025584334469073555,False
0.7999991941011775,0.00025573627224852614,False
0.7999991941011775,0.00025562919980631586,False
0.800000790816689,0.00025541505492189705,False
0.7999991941011775,0.00025520091003747736,False
0.800000790816689,0.0002550938375952671,False
0.7999991941011775,0.000254772620268638,False
0.7999991941011775,0.000254772620268638,False
0.800000790816689,0.0002545584753842183,False
0.7999991941011775,0.00025445140294200804,False
0.800000790816689,0.00025423725805758836,False
0.7999991941011775,0.0002540231131731687,False
0.7999991941011775,0.00025380896828874986,False
0.800000790816689,0.0002537018958465396,False
0.7999975973856659,0.0002532736060777011,False
0.800000790816689,0.0002533806785199105,False
0.800000790816689,0.0002532736060777011,False
0.7999991941011775,0.0002531665336354908,False
0.800000790816689,0.00025295238875107113,False
0.7999991941011775,0.00025273824386665145,False
0.800000790816689,0.00025263117142444117,False
0.7999975973856659,0.0002524170265400215,False
0.800000790816689,0.0002523099540978121,False
0.7999991941011775,0.0002524170265400215,False
0.800000790816689,0.0002520958092133924,False
0.800000790816689,0.0002518816643289727,False
0.7999991941011775,0.0002518816643289727,False
0.7999991941011775,0.0002516675194445539,False
0.7999991941011775,0.0002516675194445539,False
0.800000790816689,0.0002514533745601342,False
0.7999991941011775,0.0002514533745601342,False
0.7999991941011775,0.00025123922967571453,False
0.800000790816689,0.00025123922967571453,False
0.7999991941011775,0.00025113215723350426,False
0.800000790816689,0.0002509180123490846,False
0.7999991941011775,0.0002508109399068743,False
0.7999991941011775,0.0002505967950224555,False
0.800000790816689,0.0002507038674646649,False
0.7999991941011775,0.0002504897225802452,False
0.7999991941011775,0.0002504897225802452,False
0.800000790816689,0.00025027557769582553,False
0.800000790816689,0.0002501685052536161,False
0.7999975973856659,0.0002501685052536161,False
