0x1c04e940:	0x0909090b	0x08090909	0x090b0b09	0x0909090b
0x1c04e950:	0x0b0b090b	0x0b090b0a	0x09090b0b	0x0b0b0b09
0x1c04e960:	0x090a090b	0x09090909	0x09090909	0x090a090b
0x1c04e970:	0x090b0b09	0x0a090a0b	0x0b0b0909	0x090b0a0b
0x1c04e980:	0x09090b0b	0x09090a09	0x0b090b09	0x0b090b0a
0x1c04e990:	0x09090b0b	0x090b090b	0x090a0b0b	0x090b0b0b
0x1c04e9a0:	0x09090909	0x0a0b090b	0x0b090a09	0x090a090a
0x1c04e9b0:	0x090b0b09	0x090b090b	0x090b0b0b	0x0b0b090b
0x1c04e9c0:	0x090b0909	0x090a090b	0x0909090b	0x09090a0b
0x1c04e9d0:	0x0b0b090b	0x0b0a0a0b	0x090b0b0b	0x0b0a0b0b
0x1c04e9e0:	0x090b090b	0x0b0a0909	0x090b0b09	0x0b0a090a
0x1c04e9f0:	0x0a0b090a	0x090b0909	0x090b0a0b	0x0a0b0a0b
0x1c04ea00:	0x090b090a	0x090b0909	0x0a090909	0x080a090b
0x1c04ea10:	0x090b0b0b	0x090a090b	0x0b0b0b0b	0x0b0b0a0b
0x1c04ea20:	0x09090909	0x0b090a09	0x0a090a0b	0x09090a0b
0x1c04ea30:	0x0a0a090b	0x0b0b0a0a	0x0b0a0b09	0x0a090a0a
0x1c04ea40:	0x0a0b0909	0x090b0909	0x0a0b0b0a	0x0b0a0a0b
0x1c04ea50:	0x0a0b0a0b	0x090b090b	0x0b0b0b0b	0x0b0b0b0a
0x1c04ea60:	0x0909090a	0x090a090a	0x090b090b	0x090a0909
0x1c04ea70:	0x0b0b0b0a	0x090b0b0b	0x0b0a0a0b	0x0a0b0a0b
0x1c04ea80:	0x0a0a090b	0x0a090a09	0x0b0b090a	0x090a090a
0x1c04ea90:	0x090a090b	0x090b0a09	0x0b090a0a	0x0b0b0b0a
0x1c04eaa0:	0x09090909	0x0a0b0a0b	0x0a0b0a09	0x0a0a0a0a
0x1c04eab0:	0x0a0b0b0b	0x0b0b0a0a	0x0a0a0b0a	0x090a0a0b
0x1c04eac0:	0x0a0a0909	0x0a0a0a09	0x09090b0b	0x0a090a0b
0x1c04ead0:	0x0b090a09	0x0b0a0b0b	0x0a0a0a0b	0x0b0b0a0a
0x1c04eae0:	0x0909090a	0x0909090b	0x0a0a0a0b	0x0a090b09
0x1c04eaf0:	0x0a0a0b0a	0x0a0a0a0a	0x0a0b0a0b	0x0b0a0a0b
0x1c04eb00:	0x090a0a0a	0x0a0a0a0a	0x0a090a0b	0x0a0b0a0b
0x1c04eb10:	0x0a0b0a0a	0x0909090b	0x09090a0a	0x0b0b0b0a
0x1c04eb20:	0x090a0a0a	0x0b0a0a09	0x090b0909	0x090a0a09
0x1c04eb30:	0x090b090b	0x0a0b0a0a	0x090b0a0a	0x0a0b0b0b
