0x1c04e940:	0xfaf9fbfb	0xf8f9f9f8	0xf9f9fbf9	0xfaf9f9fa
0x1c04e950:	0xfafaf9f9	0xf9f9fbfa	0xf9f9f9f9	0xf9fbfbf9
0x1c04e960:	0xfbf9f9fb	0xfaf9f9f9	0xf9f9faf9	0xf9f9f9fa
0x1c04e970:	0xf9fafbf9	0xfaf9f9f9	0xfbfbf9f8	0xf9fbf9fa
0x1c04e980:	0xf9f9fbfa	0xf9f9f9f9	0xfbf8fbf9	0xfbf9fbf9
0x1c04e990:	0xfaf9fbfa	0xf9fbf9f9	0xf9f9fbf9	0xf9f9f9f9
0x1c04e9a0:	0xfbf9f9f9	0xfafbf9f9	0xfbf9fbf9	0xfafaf9fa
0x1c04e9b0:	0xf9f9fbf9	0xf9fbfafb	0xf9f9fafb	0xfafaf9fb
0x1c04e9c0:	0xf9fafbf9	0xf9f9f9fa	0xf9f9faf9	0xf9f9faf9
0x1c04e9d0:	0xfbfaf9fb	0xfbf9f9f9	0xf9f9faf9	0xfaf9f9f9
0x1c04e9e0:	0xfbfaf9fb	0xfbfafbf8	0xfafaf9f9	0xfbf9f9f9
0x1c04e9f0:	0xfaf9f9f9	0xf9faf9f9	0xf9f9f9f9	0xf9f9f9f9
0x1c04ea00:	0xfbf9f9fa	0xfafafafa	0xfaf9f9f9	0xf8f9f9fb
0x1c04ea10:	0xf9fafbf9	0xf9faf9fa	0xfbfafbf9	0xf9fbfafb
0x1c04ea20:	0xf9f9fbf9	0xfbf9fbf9	0xfaf9fafa	0xf9f9f9fb
0x1c04ea30:	0xfaf9f9f9	0xfafafafa	0xfbf9faf9	0xfaf9f9f9
0x1c04ea40:	0xfafaf9f9	0xfafafbf9	0xfafbfafa	0xfbfafbfa
0x1c04ea50:	0xfafafaf9	0xf9faf9fa	0xfbf9faf9	0xfafafafa
0x1c04ea60:	0xfbf9f9fa	0xfafaf9f9	0xfaf9f9fa	0xf9f9f9f9
0x1c04ea70:	0xfbfafaf9	0xf9fafafa	0xfbf9faf9	0xfafafafa
0x1c04ea80:	0xfbfafafa	0xfbf9faf9	0xfbfbf9fa	0xfaf9f9fa
0x1c04ea90:	0xf9faf9fa	0xf9faf9f9	0xf9f9faf9	0xfafbf9fa
0x1c04eaa0:	0xfaf9f9fa	0xfbfbfafa	0xfbfafbf9	0xfbfafaf9
0x1c04eab0:	0xf9fafbfa	0xfaf9fafa	0xfaf9fbfa	0xf9f9f9fa
0x1c04eac0:	0xfbf9f9fa	0xfaf9fafb	0xfaf9fbfa	0xfaf9faf9
0x1c04ead0:	0xfaf9faf9	0xfaf9fafa	0xfaf9f9fa	0xfbfaf9f9
0x1c04eae0:	0xfaf9f9fa	0xfaf9fafa	0xfafbfafa	0xfaf9fbf9
0x1c04eaf0:	0xfaf9fbf9	0xfaf9faf9	0xfafafaf9	0xfaf9fafa
0x1c04eb00:	0xfafafafa	0xfaf9fafa	0xfbf9fafa	0xfafafafa
0x1c04eb10:	0xfafafafa	0xf9f9f9f9	0xf9f9f9fa	0xfaf9fafa
0x1c04eb20:	0xfafafaf9	0xfafafaf9	0xfafbfaf9	0xfafafbf9
0x1c04eb30:	0xfafbfafa	0xfafafaf9	0xfaf9faf9	0xfaf9f9fa
