0x1c04e940:	0x03030304	0x03030303	0x03030303	0x03030304
0x1c04e950:	0x03030303	0x03030403	0x03030303	0x03040303
0x1c04e960:	0x03030304	0x03030303	0x03030303	0x03030304
0x1c04e970:	0x03030403	0x03030303	0x03040303	0x03030303
0x1c04e980:	0x03030404	0x03030303	0x04030303	0x04030403
0x1c04e990:	0x03030303	0x03040303	0x03030404	0x03030303
0x1c04e9a0:	0x03030303	0x04040303	0x04030303	0x03030303
0x1c04e9b0:	0x03030403	0x03040303	0x03030304	0x03030303
0x1c04e9c0:	0x03030303	0x03030303	0x03030303	0x03030303
0x1c04e9d0:	0x04040303	0x04030304	0x03040303	0x03030303
0x1c04e9e0:	0x03040303	0x04030303	0x03030303	0x04030303
0x1c04e9f0:	0x03030303	0x03040303	0x03030303	0x03030303
0x1c04ea00:	0x03030303	0x03040303	0x03030303	0x03030304
0x1c04ea10:	0x03040403	0x03030303	0x03030403	0x03040304
0x1c04ea20:	0x03030303	0x04030303	0x03030303	0x03030304
0x1c04ea30:	0x03030303	0x03040303	0x04030403	0x03030303
0x1c04ea40:	0x03040303	0x03040303	0x03040404	0x04030303
0x1c04ea50:	0x04040303	0x03040304	0x04030303	0x04040303
0x1c04ea60:	0x03030304	0x03030303	0x03030304	0x03030303
0x1c04ea70:	0x04040403	0x03040404	0x04030303	0x03030303
0x1c04ea80:	0x03030304	0x03030303	0x04040303	0x03030304
0x1c04ea90:	0x03030304	0x03040303	0x03030303	0x03040303
0x1c04eaa0:	0x03030303	0x04040403	0x04040303	0x04030303
0x1c04eab0:	0x03030403	0x04030303	0x03030403	0x03030303
0x1c04eac0:	0x04030303	0x03030303	0x03030403	0x03030404
0x1c04ead0:	0x04030303	0x04030404	0x03030304	0x04040303
0x1c04eae0:	0x03030303	0x03030304	0x04040304	0x04030403
0x1c04eaf0:	0x04030403	0x04030303	0x03040303	0x03030304
0x1c04eb00:	0x03030404	0x03030403	0x03030404	0x04040404
0x1c04eb10:	0x04040303	0x03030303	0x03030303	0x03030403
0x1c04eb20:	0x03040403	0x04030403	0x03040303	0x03030303
0x1c04eb30:	0x03040304	0x03040303	0x03030303	0x04040303
