0x1c04e940:	0xfefefeff	0xfcfefefe	0xfefefffe	0xfefefefe
0x1c04e950:	0xfefefefe	0xfefefffe	0xfefefefe	0xfffefefe
0x1c04e960:	0xfefefeff	0xfefefefe	0xfefefefe	0xfefefefe
0x1c04e970:	0xfefefffe	0xfefefefe	0xfffffefe	0xfefffefe
0x1c04e980:	0xfefefffe	0xfefefefe	0xfffcfffe	0xfefefffe
0x1c04e990:	0xfefefefe	0xfefefeff	0xfefefefe	0xfefefefe
0x1c04e9a0:	0xfefefefe	0xfefffefe	0xfefefefe	0xfefefefe
0x1c04e9b0:	0xfefefffe	0xfefefefe	0xfefefeff	0xfefefefe
0x1c04e9c0:	0xfefefefe	0xfefefdfe	0xfefefefe	0xfefefefe
0x1c04e9d0:	0xfefefefe	0xfffefefe	0xfefefefe	0xfefdfefe
0x1c04e9e0:	0xfefefeff	0xfffefefd	0xfefefefe	0xfffefefe
0x1c04e9f0:	0xfefefefe	0xfefefefe	0xfefefefe	0xfefefefe
0x1c04ea00:	0xfefefefe	0xfefefefe	0xfefefefe	0xfefefeff
0x1c04ea10:	0xfefefefe	0xfdfefefe	0xfefefffe	0xfefefefe
0x1c04ea20:	0xfdfefefe	0xfefefefe	0xfefefefe	0xfefefeff
0x1c04ea30:	0xfefefefe	0xfefefefe	0xfffefefe	0xfefefefe
0x1c04ea40:	0xfefefefe	0xfefefefe	0xfefffefe	0xfffefefe
0x1c04ea50:	0xfefefefe	0xfefefefe	0xfffefefe	0xfefefefe
0x1c04ea60:	0xfefefefe	0xfefefefe	0xfefefefe	0xfefefefe
0x1c04ea70:	0xfffefefe	0xfefefefe	0xfffefefe	0xfefefefe
0x1c04ea80:	0xfefefefe	0xfefefefe	0xfffffefe	0xfefefefe
0x1c04ea90:	0xfefefefe	0xfefefefe	0xfefdfefe	0xfefffefe
0x1c04eaa0:	0xfefdfefe	0xfefffefe	0xfefefefe	0xfefefefe
0x1c04eab0:	0xfefefffe	0xfefefefe	0xfefefffe	0xfefefefe
0x1c04eac0:	0xfefefefe	0xfefefefe	0xfefefefe	0xfefdfefe
0x1c04ead0:	0xfefefefd	0xfefefefe	0xfefefefe	0xfffefefe
0x1c04eae0:	0xfefefefe	0xfefdfefe	0xfefefefe	0xfefefefe
0x1c04eaf0:	0xfefefefe	0xfefefefe	0xfefefefe	0xfefefefe
0x1c04eb00:	0xfefefefe	0xfefefefe	0xfefefefe	0xfefefefe
0x1c04eb10:	0xfefefefe	0xfdfefdfe	0xfdfefefe	0xfefefefe
0x1c04eb20:	0xfdfefefe	0xfefefefd	0xfefefefd	0xfefefefd
0x1c04eb30:	0xfefefefe	0xfefefefe	0xfefefefe	0xfefefefe
