0x1c04e940:	0xfefeffff	0xfefefeff	0xfeffffff	0xfefefffe
0x1c04e950:	0xfeffffff	0xfffefffe	0xfefefefe	0xfffffffe
0x1c04e960:	0xfefffeff	0xfefefefe	0xfefffefe	0xfefffeff
0x1c04e970:	0xfefefffe	0xfffefefe	0xfffffefe	0xfefffeff
0x1c04e980:	0xfefefffe	0xfefefeff	0xfffefffe	0xfffefffe
0x1c04e990:	0xfffefffe	0xfefffeff	0xfefefffe	0xfefefefe
0x1c04e9a0:	0xfffffefe	0xfefffeff	0xfffefeff	0xfefefefe
0x1c04e9b0:	0xfefffffe	0xfefffeff	0xfefefeff	0xfffffeff
0x1c04e9c0:	0xfefefffe	0xfefefeff	0xfefefefe	0xfefefefe
0x1c04e9d0:	0xfffffeff	0xfffefefe	0xfefffffe	0xfefefefe
0x1c04e9e0:	0xfefefeff	0xfffefffe	0xfefefffe	0xfffefefe
0x1c04e9f0:	0xfefefefe	0xfefefefe	0xfefffefe	0xfefefefe
0x1c04ea00:	0xfffefefe	0xfefefefe	0xfefefeff	0xfefefeff
0x1c04ea10:	0xfefeffff	0xfefefeff	0xfffefffe	0xfefffefe
0x1c04ea20:	0xfefefefe	0xfefefefe	0xfefefffe	0xfefefeff
0x1c04ea30:	0xfefefefe	0xfefffefe	0xfffefefe	0xfefefefe
0x1c04ea40:	0xfefffefe	0xfefffffe	0xfefffefe	0xfffefffe
0x1c04ea50:	0xfefffefe	0xfefefeff	0xfffefefe	0xfefffefe
0x1c04ea60:	0xfefefefe	0xfefffefe	0xfefefefe	0xfefefefe
0x1c04ea70:	0xfffffefe	0xfefefeff	0xfffefefe	0xfefefeff
0x1c04ea80:	0xfffefefe	0xfffefefe	0xfffffefe	0xfefefefe
0x1c04ea90:	0xfefefefe	0xfefefefe	0xfefefefe	0xfffffefe
0x1c04eaa0:	0xfefdfefe	0xfffffefe	0xfffffffe	0xfffefefe
0x1c04eab0:	0xfefffffe	0xfefffefe	0xfefefffe	0xfefefefe
0x1c04eac0:	0xfffefefe	0xfefefeff	0xfefeffff	0xfefefefe
0x1c04ead0:	0xfefefefe	0xfefefefe	0xfefefefe	0xfffefefe
0x1c04eae0:	0xfefefefe	0xfefefeff	0xfefefefe	0xfefefffe
0x1c04eaf0:	0xfefefffe	0xfefefefe	0xfefefefe	0xfefefefe
0x1c04eb00:	0xfefefefe	0xfefefefe	0xfefefefe	0xfefefefe
0x1c04eb10:	0xfefefefe	0xfdfefefe	0xfefefefe	0xfefefefe
0x1c04eb20:	0xfefefefe	0xfffefefe	0xfefefefe	0xfefefefe
0x1c04eb30:	0xfefffefe	0xfefefefe	0xfefefefe	0xfefefefe
