0x1c054140:	0xffff0000	0xff0000ff	0xff0000ff	0xff000000
0x1c054150:	0xffff0000	0xff0000ff	0xff0000ff	0xff000000
0x1c054160:	0xffff0000	0xff0000ff	0xff0000ff	0xffff0000
0x1c054170:	0xffff0000	0xff0000ff	0xff0000ff	0xffff0000
0x1c054180:	0x00ff0000	0xffff00ff	0xff0000ff	0xffffff00
0x1c054190:	0x00ff0000	0xffff00ff	0xff0000ff	0xffff0000
0x1c0541a0:	0x00ff0000	0xffff00ff	0x000000ff	0xffff0000
0x1c0541b0:	0x00ff0000	0xffff00ff	0xff0000ff	0xff000000
0x1c0541c0:	0x00ff0000	0xffffffff	0x000000ff	0xff000000
0x1c0541d0:	0x00ff0000	0x00ff00ff	0x000000ff	0xff000000
0x1c0541e0:	0x00ff0000	0xffff00ff	0x020000ff	0xffff0000
0x1c0541f0:	0xffff0000	0x00ffffff	0x020000ff	0xff000000
0x1c054200:	0x00ff0001	0x00ffffff	0x040002ff	0xff000000
0x1c054210:	0x00000001	0x00ffffff	0xff0002ff	0x00000000
0x1c054220:	0x000000ff	0xfffffeff	0x040102ff	0xff000000
0x1c054230:	0x00fe0001	0x00fffd00	0xff0004ff	0x00000000
0x1c054240:	0x00000001	0xfffffd00	0x04ff04ff	0x01000100
0x1c054250:	0x00000001	0x00fffd00	0x040004ff	0x01000100
0x1c054260:	0xff000001	0x00fffd00	0x04ff06ff	0xff000100
0x1c054270:	0x00000001	0x00fffcff	0x040106ff	0x02000100
0x1c054280:	0x00000001	0x00fefc00	0xff0008ff	0x02000100
0x1c054290:	0x00000001	0x00fefcff	0xff0206ff	0x08000100
0x1c0542a0:	0x000000ff	0x00fefc00	0x040206ff	0xff000100
0x1c0542b0:	0xff000001	0x00fefc00	0x040208ff	0xff000100
0x1c0542c0:	0x00000001	0x00fefcff	0x040206ff	0xffff0100
0x1c0542d0:	0x00000001	0x00fefcff	0xfe0208ff	0xff000100
0x1c0542e0:	0x00000001	0x00fefc00	0x040208ff	0xff000100
0x1c0542f0:	0xff000001	0x00fefc00	0x040206ff	0x02000100
0x1c054300:	0x00000201	0x00fefcff	0x050206ff	0xff000100
0x1c054310:	0x00000201	0x00fefcff	0x05ff06ff	0x08000100
0x1c054320:	0x00000001	0x00fefc00	0xfe0208ff	0xfe000100
0x1c054330:	0x00000001	0x00fefcff	0xff0208ff	0xff000104
0x1c054340:	0x00000001	0x00fefcff	0xfeff06ff	0xff000104
0x1c054350:	0x00000201	0x00fefcff	0x04020aff	0xfb000100
0x1c054360:	0x00000001	0x00fe0800	0xfe020aff	0x08000104
0x1c054370:	0x00000201	0x00fefc00	0xfe0206ff	0x02000104
0x1c054380:	0x000002ff	0x00fefc00	0x05020aff	0x08000100
0x1c054390:	0x00000201	0x00fefc04	0x04ff0aff	0xff000100
0x1c0543a0:	0x000002ff	0x00fefc00	0x05020aff	0xfb000104
0x1c0543b0:	0x000002ff	0x00fefc04	0xfe020600	0xfb000104
0x1c0543c0:	0x000002ff	0x00fefc00	0x05020aff	0xfe000100
0x1c0543d0:	0x000000ff	0x00fefc04	0xfe0206ff	0xfe000104
0x1c0543e0:	0x00000201	0x00fefc04	0xfe020aff	0x08000104
0x1c0543f0:	0x00000201	0x00fefc00	0xff020aff	0xff000104
0x1c054400:	0x00000201	0x00fefc00	0x050206ff	0xfb000104
0x1c054410:	0x00000001	0x00fefc04	0x0cff0aff	0x08000100
0x1c054420:	0x00000201	0x00fefc04	0xfeff0aff	0xfb000100
0x1c054430:	0x00000201	0x00fefc04	0x05020aff	0xfe000104
0x1c054440:	0x00000201	0x00fbfcff	0x05ff0aff	0xfb000100
0x1c054450:	0x000002ff	0x00fefc04	0x05020aff	0xfb000100
0x1c054460:	0x00000201	0x00fefc04	0x04fb06ff	0xfe000104
0x1c054470:	0x00000001	0x00fd0804	0xfe0208ff	0x08000104
0x1c054480:	0x00000201	0x00fefc00	0x05fe0aff	0xfe000100
0x1c054490:	0x00000201	0x00fefc00	0x06020aff	0x03000304
0x1c0544a0:	0x00000201	0x00fe08ff	0x04020aff	0x08000104
0x1c0544b0:	0x000002ff	0x00fefc00	0xfefb0aff	0xfb000300
0x1c0544c0:	0x00000201	0x00fefc04	0x05020cfe	0xfb000100
0x1c0544d0:	0x00000201	0x00fc08ff	0x08020aff	0x08000104
0x1c0544e0:	0x00000201	0x00fefc04	0x05ff06ff	0xfb000104
0x1c0544f0:	0x00000201	0x00fefcff	0x04ff0aff	0x08000104
0x1c054500:	0x00000201	0x00fefc04	0x040206ff	0xff000300
0x1c054510:	0x00000201	0x00fefc04	0x04020aff	0xfb000104
0x1c054520:	0x000002ff	0x00fdfcff	0x05fb0aff	0xfb000104
0x1c054530:	0x00000201	0x00fefc00	0x04ff06ff	0xff000100
0x1c054540:	0x00000201	0xfdfefc00	0x04020aff	0xff000104
0x1c054550:	0x00000201	0x00fe0804	0xfe0206ff	0xfb000300
0x1c054560:	0x00000201	0x00fefcff	0x04020aff	0x08000104
0x1c054570:	0x00000201	0x00fefcff	0xfe020aff	0xfb000100
0x1c054580:	0x00000001	0x00fcfc04	0xfe020aff	0xfe000100
0x1c054590:	0x00000201	0x00fdfc00	0x040206ff	0x08000104
0x1c0545a0:	0x00000201	0x00fefcff	0xff020aff	0xfb000104
0x1c0545b0:	0x000002ff	0x00fefc04	0x0c0206ff	0xff000104
0x1c0545c0:	0x000002ff	0x00fefc04	0x04020cff	0xff000104
0x1c0545d0:	0x00000201	0x00fe08ff	0x040206ff	0xfb000104
0x1c0545e0:	0x000002ff	0x00fefcff	0x05020aff	0x08000104
0x1c0545f0:	0x00000201	0x00fefcff	0x05020a00	0xfe000104
0x1c054600:	0x00000201	0x00fefcff	0xfe020aff	0xfb000104
0x1c054610:	0x000002ff	0x00fe0804	0x05fe06ff	0xfb000100
0x1c054620:	0x00000201	0x00fefc00	0x05020aff	0x08000104
0x1c054630:	0x00000201	0x00fcfcff	0xfeff0aff	0xfb000104
0x1c054640:	0x000002ff	0x00fefc04	0xfefe06ff	0xfe000104
0x1c054650:	0x000002ff	0x00fa0804	0xff020aff	0x03000104
0x1c054660:	0x00000201	0x00fcfc04	0xff020aff	0xfb000100
0x1c054670:	0x00000201	0x00fefcff	0x05ff0aff	0xfb000104
0x1c054680:	0x00000201	0x00fefcff	0x05020aff	0xfb000300
0x1c054690:	0x000002ff	0x00fefc00	0x05020aff	0xfb000104
0x1c0546a0:	0x00000201	0x00fefcff	0x06020aff	0xfb000800
0x1c0546b0:	0xff000201	0x00fefc04	0x05fe0aff	0xfbff0104
0x1c0546c0:	0x000002ff	0x00fe0804	0xfeff0aff	0x08000101
0x1c0546d0:	0x00000201	0x00fefcff	0xffff0cff	0xfb000300
0x1c0546e0:	0xff000201	0x00fefc04	0x0c020aff	0x08000100
0x1c0546f0:	0x00000201	0x00fefcff	0x05020aff	0xfb000304
0x1c054700:	0x00000201	0x00fefc04	0xfe020aff	0x08000100
0x1c054710:	0x00000201	0x00fefc00	0x040206ff	0x08000104
0x1c054720:	0x00000201	0x00fefcff	0x050206ff	0x08000100
0x1c054730:	0x00000001	0x00fefc00	0xfe0206ff	0xff000100
0x1c054740:	0x00000201	0x00fefc00	0x04ff06ff	0xff000100
0x1c054750:	0x00000201	0x00fefcff	0xfeff06ff	0x08000104
0x1c054760:	0x000002ff	0x00fefc00	0x04ff06ff	0x08000104
0x1c054770:	0x00000201	0x00fdfc04	0x05ff0aff	0xfe000100
0x1c054780:	0x000002ff	0x00fe08ff	0xfeff06ff	0xfb000100
0x1c054790:	0x00000201	0x00fefcff	0xfe0206ff	0xff000100
0x1c0547a0:	0x00000201	0x00fefc00	0x04ff06ff	0xff000104
0x1c0547b0:	0x00000201	0x00fefc04	0x05fb0aff	0xff000104
0x1c0547c0:	0x00000201	0x00fefc00	0x05020aff	0xfb000104
0x1c0547d0:	0x00000201	0x00fb0800	0x04ff0aff	0xfb000304
0x1c0547e0:	0x000002ff	0x00fefcff	0x060206ff	0xff000104
0x1c0547f0:	0x00000201	0x00fefcff	0x05020aff	0xfb000100
0x1c054800:	0x00000001	0x00fefcff	0x04ff0aff	0xfb000104
0x1c054810:	0x00000201	0x00fe0800	0x05fb06ff	0xff000104
0x1c054820:	0x00000201	0x00fefc04	0x05020aff	0xfb000104
0x1c054830:	0x00000201	0x00fcfc04	0x04ff0aff	0xff000104
0x1c054840:	0x00000201	0x00fefc00	0x05ff0aff	0x08000104
0x1c054850:	0x000002ff	0x00fe0804	0xfeff06ff	0x08000104
0x1c054860:	0x000002ff	0x00fbfcff	0x050206ff	0x08000104
0x1c054870:	0x00000201	0x00fefcff	0x05ff06ff	0xfb000104
0x1c054880:	0x00000201	0x00fefc04	0x05020aff	0xff000100
0x1c054890:	0x000002ff	0x00fcfc04	0x05ff06ff	0xfb000104
0x1c0548a0:	0x00000201	0x00fefc04	0x0cff0aff	0xfb000100
0x1c0548b0:	0x00000201	0x00fe0800	0x050206ff	0xff000100
0x1c0548c0:	0x00000201	0x00fefcff	0xfe020aff	0xfb000100
0x1c0548d0:	0x01000201	0x00fefc04	0xfeff0aff	0xfe000104
0x1c0548e0:	0x000002ff	0x00fe0800	0xfeff0aff	0xff000100
0x1c0548f0:	0xff000201	0x00fefc00	0x05ff06ff	0x08000104
0x1c054900:	0x00000201	0x00fd08ff	0x05ff0aff	0xff000104
0x1c054910:	0x00000001	0x00fe08ff	0xffff0aff	0xfe000100
0x1c054920:	0x00000201	0x00fefc04	0x0c020aff	0xff000100
0x1c054930:	0x000000ff	0x00fe0800	0x05ff08ff	0xfe000104
0x1c054940:	0x00000001	0x00fefc00	0xfe0208ff	0xfb000100
0x1c054950:	0x000002ff	0x00fefc00	0xff0206ff	0xff000104
0x1c054960:	0x00000201	0x00fefc04	0x05ff06ff	0xfb000100
0x1c054970:	0x00000201	0x00fdfc04	0xfe020aff	0xff000100
0x1c054980:	0x00000201	0x00fefc04	0x040206ff	0xff000104
0x1c054990:	0x00000201	0x00fefc04	0x0c020aff	0xff000104
0x1c0549a0:	0x000000ff	0x00fefc04	0xfe020aff	0xff000100
0x1c0549b0:	0x000002ff	0x00fefcff	0x05ff06ff	0xff000100
0x1c0549c0:	0x000002ff	0x00fefc04	0x05020aff	0xff000104
0x1c0549d0:	0x000002ff	0x00fefcff	0xfeff06ff	0xfb000100
0x1c0549e0:	0x00000201	0x00fefcff	0xffff0afe	0xfb000100
0x1c0549f0:	0x00000201	0x00fdfc00	0x05ff0aff	0x02000104
0x1c054a00:	0x00000201	0x00fefc00	0xff0206ff	0x08000104
0x1c054a10:	0x00000201	0x00fefcff	0x0c020aff	0xff000104
0x1c054a20:	0x00000201	0x00fefc04	0x0cff06ff	0xff000100
0x1c054a30:	0x00000201	0x00fdfc04	0x04ff0aff	0xfb000100
0x1c054a40:	0x000002ff	0x00fe0800	0xfeff06ff	0xfe000104
0x1c054a50:	0x00000201	0x00fefc04	0xff0208ff	0xfe000104
0x1c054a60:	0xff000201	0x00fefc04	0x04020aff	0xfe000104
0x1c054a70:	0x000002ff	0x00fefcff	0x050206ff	0xff000104
0x1c054a80:	0x000002ff	0x00fefc00	0x05ff06ff	0xfb000100
0x1c054a90:	0x00000201	0x00fefc04	0xfefb06ff	0xfb000100
0x1c054aa0:	0xff0002ff	0x00fefcff	0x050206ff	0x08000100
0x1c054ab0:	0x00000201	0x00fd0804	0x08ff06ff	0xfb000100
0x1c054ac0:	0x00000201	0x00fefc00	0x05ff06ff	0xfb000104
0x1c054ad0:	0x000002ff	0x00fefc00	0x06020aff	0xfe000800
0x1c054ae0:	0x00000201	0x00fefcff	0xff020aff	0x03000100
0x1c054af0:	0x00000201	0x00fefcff	0x04020aff	0xfe000104
0x1c054b00:	0x00000201	0x00fefc04	0xfeff0aff	0xfb000104
0x1c054b10:	0x00000201	0x00fdfcff	0x05ff0a00	0xfb000104
0x1c054b20:	0x00000201	0x00fefc04	0xfeff06ff	0x08000100
0x1c054b30:	0x00000201	0x00fefc00	0x040206ff	0xfb000100
0x1c054b40:	0x00000201	0x00fefc00	0x05ff06ff	0xff000104
0x1c054b50:	0x00000201	0x00fefc04	0xfe0206ff	0xfb000100
0x1c054b60:	0x00000201	0x00fefcff	0xff020aff	0xfb000104
0x1c054b70:	0xff000201	0x00fefc00	0x05ff06ff	0xfe000100
0x1c054b80:	0x00000201	0x00fe08ff	0x050208ff	0xff000104
0x1c054b90:	0x00000201	0x00fefc00	0x05ff0aff	0xff000104
0x1c054ba0:	0x00000201	0x00fefc00	0xfe0206ff	0x02000104
0x1c054bb0:	0x000000ff	0x00fefc00	0x04ff0aff	0x08000104
0x1c054bc0:	0xff0002ff	0x00fefc04	0x04ff0aff	0x08000104
0x1c054bd0:	0x00000201	0x00fefc04	0x05020aff	0xfe000100
0x1c054be0:	0x00000201	0x00fefc00	0xfe020aff	0x08000108
0x1c054bf0:	0x00000201	0x00fefc00	0xffff0aff	0xff000104
0x1c054c00:	0x00000201	0x00fefc04	0x04fb0aff	0x08000100
0x1c054c10:	0x00000001	0x00fdfcff	0xff020aff	0xff000100
0x1c054c20:	0xff000201	0x00fefc00	0x04ff0aff	0xff000100
0x1c054c30:	0x00000201	0x00fcfcff	0xfffb0aff	0xff000104
0x1c054c40:	0x00000001	0x00fefcff	0xfeff06ff	0xff000104
0x1c054c50:	0x000002ff	0x00fefc04	0x05ff06ff	0xfb000104
0x1c054c60:	0x00000201	0x00fefc04	0xfe020aff	0xfe000100
0x1c054c70:	0x000002ff	0x00fefcff	0xff020aff	0xfe000100
0x1c054c80:	0x00000201	0x00fefc04	0x05ff0aff	0xff000100
0x1c054c90:	0x00000201	0x00fefc04	0x04020aff	0x08000104
0x1c054ca0:	0x00000201	0x00fe08ff	0x04ff08ff	0xfb000100
0x1c054cb0:	0x000002ff	0x00fefcff	0xfe020aff	0xfb000104
0x1c054cc0:	0x00000201	0x00fdfcff	0x050206ff	0xff000100
0x1c054cd0:	0x00000201	0x00fefc00	0x05020aff	0xff000104
0x1c054ce0:	0x000002ff	0x00fefc04	0x05ff06ff	0x08000104
0x1c054cf0:	0x00000201	0x00fe0800	0x05020aff	0xff000300
0x1c054d00:	0x000002ff	0x00fefcff	0x05020aff	0xfe000100
0x1c054d10:	0x00000201	0x00fefc00	0xfeff0aff	0xfe000100
0x1c054d20:	0x00000201	0x00fefc00	0xfe0206ff	0xff000100
0x1c054d30:	0x00000001	0x00fe0800	0xff0208ff	0xfe000100
0x1c054d40:	0x00000001	0x00fefc00	0x050206ff	0xfb000100
0x1c054d50:	0x00000001	0x00fe0804	0x050206ff	0xff000104
0x1c054d60:	0xff000201	0x00fefcff	0x04020aff	0x08000100
0x1c054d70:	0x00000201	0x00fcfc00	0x05020aff	0xfe000100
0x1c054d80:	0x000002ff	0x00fefc04	0x040206ff	0x02000104
0x1c054d90:	0x00000201	0x00fefc04	0x05ff06ff	0xff000100
0x1c054da0:	0x00000001	0x00fefc00	0x06ff0aff	0x02000104
0x1c054db0:	0x00000201	0x00fefc00	0x08ff0aff	0xff000100
0x1c054dc0:	0x00000201	0x00fdfc04	0x050206ff	0xff000100
0x1c054dd0:	0x000002ff	0x00fefc00	0x0cff0aff	0xff000104
0x1c054de0:	0x00000201	0x00fefcff	0x05020aff	0xfb000100
0x1c054df0:	0x000002ff	0x00fefc04	0xff020aff	0x08000100
0x1c054e00:	0x00fb0201	0x00fefc00	0x0c020600	0x08000100
0x1c054e10:	0x00000201	0x00fefc04	0x04ff0a00	0x08000100
0x1c054e20:	0x00000201	0x00fefcff	0x0cff0aff	0xfb000100
0x1c054e30:	0x00000201	0x00fefc00	0x04ff0600	0x08000104
0x1c054e40:	0x00000201	0x00fefc04	0x0c020cff	0xff000304
0x1c054e50:	0xff0002ff	0x00fefc00	0x05020aff	0x08000308
0x1c054e60:	0x00000201	0x00fefc04	0xfe020cff	0xfb000104
0x1c054e70:	0x00000201	0x00fefc00	0x04020aff	0xfe000104
0x1c054e80:	0x00000201	0x00fefc04	0x04ff0aff	0xfb000100
0x1c054e90:	0x000002ff	0x00fefcff	0x050206ff	0xfeff0104
0x1c054ea0:	0x00000201	0x00fefc00	0x05ff0aff	0xfb000104
0x1c054eb0:	0x00000201	0x00fcfc04	0xfe0206ff	0x08000100
0x1c054ec0:	0x000002ff	0x00fefc04	0xff020aff	0x08000104
0x1c054ed0:	0x00000201	0x00fefc04	0xfe020aff	0x08000800
0x1c054ee0:	0xff000201	0x00fefcff	0xfe0206ff	0xfb000104
0x1c054ef0:	0x00000201	0x00fefc00	0x05020cff	0xff000100
0x1c054f00:	0x00000201	0x00fcfc00	0x05ff06ff	0xff000104
0x1c054f10:	0x000002ff	0x00fe0800	0x04ff0aff	0xff000104
0x1c054f20:	0x00000201	0x00fefc00	0xfe020aff	0xff000104
0x1c054f30:	0xff000201	0xfffefc00	0x04020aff	0xfe000100
0x1c054f40:	0x000000ff	0x00fe08ff	0x050206fe	0x08000804
0x1c054f50:	0x020202ff	0x00fafc04	0x0cfb0eff	0xfb000908
0x1c054f60:	0x020202ff	0x01effc04	0xfff70eff	0x0a000908
0x1c054f70:	0x030802ff	0x01ef0804	0x0cfb10ff	0xfb020910
0x1c054f80:	0x020802ff	0x01effc04	0x0cfb10fe	0x0a020910
0x1c054f90:	0x020002ff	0x00effc04	0xfd020eff	0xfb000908
0x1c054fa0:	0x020202ff	0x00fafc04	0xfd030cff	0xfb000908
0x1c054fb0:	0x020002ff	0x00ef0c0c	0xfe020eff	0x08000908
0x1c054fc0:	0x020802ff	0x00effc04	0x050210ff	0xfb020908
0x1c054fd0:	0x02080205	0x00effc08	0xff0210ff	0xfb080910
0x1c054fe0:	0x020802ff	0x01effc0c	0x0cfb10fe	0xfb020904
0x1c054ff0:	0x02080205	0x00ef0c04	0x0c030604	0x10080908
0x1c055000:	0x030802ff	0x01effc0c	0x050210ff	0x10080904
0x1c055010:	0x020806ff	0x00effc04	0x0c0310ff	0xfb000910
0x1c055020:	0x020002ff	0x01effc0c	0x0c020eff	0xfb080908
0x1c055030:	0x020802ff	0x08effc0c	0x0cfb10ff	0xfb080910
0x1c055040:	0xff0802ff	0x00effc0c	0x0c0210fe	0xfb080904
0x1c055050:	0x02080205	0x01effc0c	0x0cfb0efe	0xfb020b10
0x1c055060:	0x020802f7	0x00fa0c0c	0x05020eff	0xfb000908
0x1c055070:	0x02000205	0x00fa0c04	0xff0310ff	0xfb00090c
0x1c055080:	0x020802ff	0x01fafc08	0xfe030efe	0xfb000904
0x1c055090:	0x020802ff	0x00fa0c0c	0xfffb0eff	0xfb000904
0x1c0550a0:	0x020802ff	0x01effc04	0x05f710fe	0x09080908
0x1c0550b0:	0x02080205	0x08effc0c	0x0cf310ff	0x0900090c
0x1c0550c0:	0x030802ff	0x00ef0c0c	0x060210ff	0xfb080910
0x1c0550d0:	0x02080205	0x01effc04	0x0c0210ff	0xfb080908
0x1c0550e0:	0x030802ff	0x00effc0c	0xfd0210ff	0xfb000904
0x1c0550f0:	0x030802ff	0x01fcfc0c	0xfe0310ff	0xfb020908
0x1c055100:	0x03080205	0x00effc0c	0xfff710ff	0x10000908
0x1c055110:	0x020802ff	0x00effc04	0xf7fa10ff	0xfb02090c
0x1c055120:	0x02020205	0x01effc0c	0x050210ff	0x0802090c
0x1c055130:	0x010002ff	0x01fa0804	0xfd020cff	0xfb000904
0x1c055140:	0xff0802ff	0x00effc08	0xff0210ff	0x08080910
0x1c055150:	0x08100605	0x08effc0c	0x0c1010ff	0xfb080b10
0x1c055160:	0x0a100605	0x01ef180c	0xff101410	0xfb0a0b10
0x1c055170:	0x0a1002ff	0x10effc0c	0xff10140c	0xfb080b10
0x1c055180:	0x0a1002f7	0x10ef180c	0xf7fa1610	0xfb0a0b10
0x1c055190:	0x0a1002f7	0x10effc0c	0x0c1014ff	0xfb0a0b10
0x1c0551a0:	0x0a1002f7	0x08effc0c	0xff101410	0x10080b10
0x1c0551b0:	0x081002ff	0x08ef180c	0xfdf714ff	0xfb080b10
0x1c0551c0:	0x081006f7	0x01effc0c	0x0cf312ff	0xfb0a0b10
0x1c0551d0:	0x08100205	0x01effc0c	0xff1014ff	0xfb080b10
0x1c0551e0:	0x0a1002f7	0x10ee180c	0x0c1016ff	0xfb0a0b10
0x1c0551f0:	0xff100205	0x01effc0c	0x0e1014ff	0xfb0a0b10
0x1c055200:	0x08100207	0x08ef180c	0x0cfa16ff	0xfb0a0b10
0x1c055210:	0x0a1002ff	0x10effc0c	0xfdf314ff	0xfb0a0b10
0x1c055220:	0x0a1002ff	0x08effc0c	0x0d10160c	0xfb080b10
0x1c055230:	0x081002f7	0x10effc0c	0xff1014ff	0xfb080b10
0x1c055240:	0x0a1002ff	0x10ef180c	0x0d1012ff	0x10080b10
0x1c055250:	0x081002f7	0x08effc0c	0x0e10140c	0xfb0a0b10
0x1c055260:	0x081002ff	0x01effc0c	0x0c1014ff	0xfb0a0b10
0x1c055270:	0x081002ff	0x00effc0c	0xfff312fe	0xfb080b10
0x1c055280:	0x081002f7	0x08ef180c	0x05f712fd	0xfb0a0b10
0x1c055290:	0xff1002f7	0x01effc0c	0xff1014fe	0xfb080b10
0x1c0552a0:	0xef1006f7	0x09effc0c	0x051012ff	0xfb080b10
0x1c0552b0:	0x081006f7	0x08effc0c	0xff1012ff	0x10080910
0x1c0552c0:	0x0a1006f7	0x10effc0c	0xfd1014ff	0xf9080b10
0x1c0552d0:	0x081002ff	0x00effc0c	0xfd1012ff	0xfb0a0b10
0x1c0552e0:	0x0a1002f7	0x08effc0c	0x0c1014ff	0xfb0a0b10
0x1c0552f0:	0x08100607	0x10effc0c	0x141014ff	0xfb0a0b10
0x1c055300:	0x081006f7	0x10ee180c	0xfff314fe	0xfb0a0b10
0x1c055310:	0xfb1002ff	0x08effc0c	0x0cf712fe	0xfb080b10
0x1c055320:	0x0a1002f7	0x10effc0c	0xfdfb14ff	0x10080b10
0x1c055330:	0x08080208	0x01effc0c	0x0c0310ff	0xfb000b0c
0x1c055340:	0x081002ff	0x01effc04	0x0c1012ff	0xfb080910
0x1c055350:	0x0a1002f7	0x10effc0c	0x0d1012ff	0x100a0b10
0x1c055360:	0x0a1002f7	0x10effc0c	0xf71016fe	0xfb0a0b10
0x1c055370:	0x0a1002ff	0x01effc0c	0xff1014ff	0xfb0a0b10
0x1c055380:	0x081002f7	0x10ef180c	0x14f312ff	0xfb080b10
0x1c055390:	0x081002f7	0x01effc0c	0x0c1014ff	0xfb0a0b10
0x1c0553a0:	0x081002ff	0x08effc0c	0x0d1014fe	0x100a0b10
0x1c0553b0:	0xef1002ff	0x09effc0c	0x071014ff	0x180a0b10
0x1c0553c0:	0x0a1002f7	0x08ef180c	0x0c1014ff	0xfb0a0b10
0x1c0553d0:	0x0a1002f7	0x10ef180c	0xf71016ff	0xfb0a0b10
0x1c0553e0:	0x0a1002ff	0x10effc0c	0xfdf314fe	0xfb0a0b10
0x1c0553f0:	0x0a1002ff	0x01ef180c	0xff1014fe	0x100a0b10
0x1c055400:	0x0a100207	0x00ef180c	0xff1014ff	0xfd0a0b10
0x1c055410:	0x0a1002f7	0x10effc0c	0xfff314ff	0xfb0a0b10
0x1c055420:	0x0a1006f7	0x08effc0c	0x0d10120c	0x100a0b10
0x1c055430:	0x0a1002ff	0x08effc0c	0xff1014ff	0xfb0a0b10
0x1c055440:	0x0a1006f7	0x01effc0c	0x0d1012ff	0x18080b10
0x1c055450:	0x081002ff	0x10ef180c	0x141014ff	0xfb0a0b10
0x1c055460:	0x0a1002f7	0x08effc0c	0x0d1014ff	0xfb0a0b10
0x1c055470:	0x0a1002ff	0x01ef180c	0xf71014ff	0xf90a0b10
0x1c055480:	0x081002f7	0x01ef180c	0xff1012ff	0xfb0a0b10
0x1c055490:	0x0a1002ff	0x10effc0c	0xff1014ff	0xfb0a0b10
0x1c0554a0:	0x0a1002ff	0x01effc0c	0x071012ff	0xfb0a0b10
0x1c0554b0:	0x0a100205	0x10effc0c	0x0cf312ff	0x100a0b10
0x1c0554c0:	0x0a1002f7	0x10effc0c	0xff1014ff	0x100a0b10
0x1c0554d0:	0x0a1006f7	0x01ef180c	0x0c1012ff	0xfb080b10
0x1c0554e0:	0x0a1002f7	0x10effc0c	0x0df314ff	0xfb0a0b10
0x1c0554f0:	0x081002ff	0x09effc0c	0x14fb14ff	0xfb080910
0x1c055500:	0x0a1002ff	0x00effc0c	0xfe1014ff	0x10080b10
0x1c055510:	0x0a100605	0x10effc0c	0xfd1014ff	0xfb080b10
0x1c055520:	0x0a1002ff	0x10effc0c	0x0ef316ff	0xfb0a0b10
0x1c055530:	0x0a1002ff	0x01effc0c	0xfff312ff	0xfb080b10
0x1c055540:	0x081002ff	0x01effc0c	0xfdf312ff	0xfb080910
0x1c055550:	0x0a1002f7	0x01effc0c	0x0cf314ff	0x10080b10
0x1c055560:	0x0a1002f7	0x10effc0c	0xfdf312fe	0x100a0b10
0x1c055570:	0xff1002f7	0x01effc0c	0x0d1014ff	0xfb0a0b10
0x1c055580:	0x08100205	0x10effc0c	0x0d1014ff	0xfb0a0b10
0x1c055590:	0x0a1002ff	0x09effc0c	0xff1016ff	0xfb080b10
0x1c0555a0:	0xff100207	0x08effc0c	0x0d1014ff	0xfb0a0b10
0x1c0555b0:	0x081002f7	0x01effc0c	0xfff314fe	0xfb0a0b10
0x1c0555c0:	0x08100205	0x01effc0c	0xfe1012fe	0xfb0a0910
0x1c0555d0:	0xff1006f7	0x08effc0c	0xff10140c	0x180a0b10
0x1c0555e0:	0x0a1002f7	0x10effc0c	0xfff314ff	0xfb080b10
0x1c0555f0:	0xff1002f7	0x10ef180c	0xfffb14ff	0xf90a0b10
0x1c055600:	0x081006f7	0x08ef180c	0x0cf314ff	0xfb080b10
0x1c055610:	0x081002f7	0x08ef180c	0x07101610	0x100a0b10
0x1c055620:	0x081002f7	0x10effc0c	0x0cf312ff	0xfb0a0b10
0x1c055630:	0x0a1002ff	0x10effc0c	0xfd1012ff	0x180a0b10
0x1c055640:	0x081002ff	0x10effc0c	0xfc1012fe	0xfb0a0b10
0x1c055650:	0x0a1002f7	0x10ef180c	0x0c1014ff	0x100a0b10
0x1c055660:	0x081002ff	0x10effc0c	0x0c1014ff	0xfb080b10
0x1c055670:	0x0a1002ff	0x08effc0c	0xff1016ff	0x10080b10
0x1c055680:	0x081006ff	0x01effc0c	0xfd1014ff	0xfd0a0910
0x1c055690:	0x081002f7	0x10effc0c	0xff1016ff	0xfb0a0b10
0x1c0556a0:	0x0a1002f7	0x10ef180c	0xf71012ff	0xff080b10
0x1c0556b0:	0x081002f7	0x08ef180c	0x1410120c	0x10080b10
0x1c0556c0:	0x0a1002f7	0x08effc0c	0x07f714ff	0x100a0910
0x1c0556d0:	0x0a1002f7	0x00effc0c	0x0d1014ff	0xfb0a0b10
0x1c0556e0:	0x081002f7	0x00effc0c	0xff1014fe	0x100a0b10
0x1c0556f0:	0x08100205	0x10effc0c	0x0cf3140c	0xfb0a0b10
0x1c055700:	0x081006ff	0x01ef180c	0x0d1014ff	0xfb0a0b10
0x1c055710:	0x081002f7	0x10effc0c	0x0d1014ff	0xfb080b10
0x1c055720:	0x081002f7	0x10effc0c	0x0cf314fe	0xfb080b10
0x1c055730:	0x081002f7	0x01ef180c	0x0c0312ff	0xfb080b10
0x1c055740:	0x081002ff	0x01ef0c0c	0x0d0212fe	0x10080910
0x1c055750:	0x081002f7	0x00ef180c	0x0c1014ff	0xfb0a0b10
0x1c055760:	0x081002ff	0x00effc0c	0x0c1014ff	0xfb0a0b10
0x1c055770:	0x08100205	0x01effc0c	0x0d1014ff	0xfb080b10
0x1c055780:	0x081002ff	0x01effc0c	0x0c1014ff	0xfb080b10
0x1c055790:	0x0a1002f7	0x10ef180c	0x0cf314ff	0xf9080b10
0x1c0557a0:	0x0a1002ff	0x08ef180c	0xf71014ff	0xfb0a0b10
0x1c0557b0:	0x081002f7	0x08effc0c	0xfff31210	0x0b080b10
0x1c0557c0:	0x0a1002ff	0x00ef180c	0x0c1012ff	0xfb080910
0x1c0557d0:	0x0a1002ff	0x10effc0c	0x0df314fe	0xf90a0b10
0x1c0557e0:	0xff1002f7	0x10ef180c	0x05fb14ff	0x180a0b10
0x1c0557f0:	0x081002f7	0x01effc0c	0x14f312ff	0xfb080b10
0x1c055800:	0x08100205	0x10effc0c	0x0d1012ff	0xfb080b10
0x1c055810:	0x0a1002f7	0x10ef180c	0xff1014ff	0xfb0a0b10
0x1c055820:	0x0a1006f7	0x01ef180c	0x0c1014ff	0xfb0a0b10
0x1c055830:	0x0a1002ff	0x01effc0c	0x0c1014ff	0xfb080b10
0x1c055840:	0x081002ff	0x10ef180c	0x0c1012fe	0xfb0a0b10
0x1c055850:	0xff1002ff	0x01effc0c	0xff1012ff	0xfb0a0b10
0x1c055860:	0x0a1010ff	0x10ef180c	0xfe1012ff	0xfb0a0b10
0x1c055870:	0x0a100205	0x00effc0c	0xfdfb14ff	0x080a0b10
0x1c055880:	0x081002f7	0x01effc0c	0xfd1012ff	0xfb080b10
0x1c055890:	0x0a1002f7	0x01ef180c	0x0c1014ff	0xfb0a0b10
0x1c0558a0:	0x081002f7	0x10effc0c	0x0d1014ff	0xfb080910
0x1c0558b0:	0x0a1002f7	0x08ef180c	0xff10140c	0xfb0a0910
0x1c0558c0:	0x081002f7	0x01effc0c	0xff1014ff	0xfb0a0b10
0x1c0558d0:	0xef1002f7	0x10ef180c	0x0c1014ff	0xfa080b10
0x1c0558e0:	0x0a1002f7	0x10effc0c	0xfdf314ff	0xfb0a0b10
0x1c0558f0:	0x0a100205	0x01ef180c	0xfd1012ff	0xf90a0b10
0x1c055900:	0x0a1002f7	0x01effc0c	0xfd1012ff	0xfb0a0b10
0x1c055910:	0x081002ff	0x01ef180c	0xfd1012ff	0xfb080b10
0x1c055920:	0x081002f7	0x01effc0c	0xff1014ff	0xfb080910
0x1c055930:	0x081002ff	0x08effc0c	0x07f312ff	0xfb080910
0x1c055940:	0x031002ff	0x01effc0c	0xfdf312fe	0xfb080b10
0x1c055950:	0x081002ff	0x08effc0c	0x0c0314fe	0xfb080b10
0x1c055960:	0x0a100205	0x01ef180c	0x0cf312ff	0xfb080b10
0x1c055970:	0x081002f7	0x10effc0c	0xfff312ff	0x10080b10
0x1c055980:	0x081002f7	0x10ef180c	0x0c1014ff	0xfb080b10
0x1c055990:	0x081002f7	0x10effcfd	0x0d1012fe	0x100a0910
0x1c0559a0:	0xfb1002f7	0x00effc0c	0x05f314ff	0x100a0910
0x1c0559b0:	0x081006ff	0x00effc0c	0xf71012ff	0xfb080b10
0x1c0559c0:	0x0a100605	0x00effc0c	0x0c1012ff	0xfb0a0b10
0x1c0559d0:	0x081002ff	0x01ef180c	0x0cf314fe	0x100a0b10
0x1c0559e0:	0x0a1002ff	0x10effc0c	0xff1012ff	0xfb080b10
0x1c0559f0:	0x08100205	0x01effc0c	0x0c0314fe	0xfb0a0910
0x1c055a00:	0x081006f7	0x08ef180c	0x0cfb140c	0xfb0a0910
0x1c055a10:	0x08100205	0x08effc0c	0x0c1014ff	0xfb0a0b10
0x1c055a20:	0x081002f7	0x10effc0c	0x0d1012ff	0xfb0a0910
0x1c055a30:	0x0a1002ff	0x01ef180c	0x05f314ff	0x100a0b10
0x1c055a40:	0x081002ff	0x01effc0c	0xfe1012ff	0xfb080b10
0x1c055a50:	0xff1002ff	0x08effc0c	0x061014ff	0xfb0a0b10
0x1c055a60:	0xff1002f7	0x01effc0c	0xfd0212ff	0x10080910
0x1c055a70:	0x0a1002f7	0x10effc0c	0xfd1012ff	0x10080b10
0x1c055a80:	0xfb1002ff	0x10effc0c	0x0d101210	0x10080b10
0x1c055a90:	0x081002ff	0x10ef180c	0x0c1012ff	0x10080910
0x1c055aa0:	0x0a1002f7	0x01effc0c	0x07f314ff	0xfa0a0b10
0x1c055ab0:	0x081002ff	0x08effc0c	0x0c1014ff	0x10080b10
0x1c055ac0:	0x0a1002f7	0x01ef180c	0x0d1014ff	0xfb080b10
0x1c055ad0:	0x081002f7	0x00effc0c	0xf7fb14ff	0xfb080910
0x1c055ae0:	0x08100205	0x10effc0c	0xfd1014ff	0xfb080b10
0x1c055af0:	0x08100205	0x01effc0c	0x0c1014fe	0x100a0910
0x1c055b00:	0x081002f7	0x00effc0c	0x07fb14ff	0xfa080b10
0x1c055b10:	0x081002ff	0x10effc0c	0xfff312ff	0xfb080b10
0x1c055b20:	0x081002f7	0x00ef180c	0x05f312fe	0xfb080b10
0x1c055b30:	0x081002ff	0x00ef100c	0xfd0312ff	0xfb080910
0x1c055b40:	0xff080205	0x00effc0c	0xfd0212ff	0xfb080b10
0x1c055b50:	0x081002ff	0x08effc0c	0x05fb12ff	0x10080b10
0x1c055b60:	0x08100205	0x08effc0c	0x14fb1206	0xfb080910
0x1c055b70:	0xfb1002f7	0x10ef180c	0x07101410	0x0a0a0b10
0x1c055b80:	0x08100205	0x01effc0c	0xfd0212ff	0x10080b10
0x1c055b90:	0xef1002ff	0x00effc0c	0xf51014ff	0xfb0a0b10
0x1c055ba0:	0x081006f7	0x10effc0c	0x0c1012ff	0x10080b10
0x1c055bb0:	0x081002f7	0x01effc0c	0x0c1014ff	0x100a0b10
0x1c055bc0:	0x08100205	0x00ef180c	0x0cf714ff	0x100a0b10
0x1c055bd0:	0x081002ff	0x08effc0c	0x141012ff	0xfb0a0910
0x1c055be0:	0xfb1002f7	0x01ef180c	0xfff314ff	0xfb0a0b10
0x1c055bf0:	0x081002ff	0x10ef180c	0xfd1014ff	0xfb0a0b10
0x1c055c00:	0x081002ff	0x01effc0c	0x0cf312fe	0xf90a0b10
0x1c055c10:	0xfb1002ff	0x10effc0c	0xff10120c	0x100a0b10
0x1c055c20:	0x081002ff	0x01effc0c	0xfff314ff	0x100a0b10
0x1c055c30:	0x08100205	0x08ef180c	0xfffb12ff	0xfb0a0b10
0x1c055c40:	0x081002ff	0x10effc0c	0x0c1014fe	0xfb080b10
0x1c055c50:	0x0a100205	0x01effc0c	0x0cf314fe	0xfb080b10
0x1c055c60:	0x081002f7	0x00ef180c	0x04030e10	0x100a0b10
0x1c055c70:	0x081002ff	0x01effc0c	0x0c1014fe	0xfb080910
0x1c055c80:	0x081002ff	0x10effc0c	0x0cf314ff	0xfb080b10
0x1c055c90:	0x081006ff	0x08effc0c	0x0c1012ff	0xfb0a0b10
0x1c055ca0:	0x081002ff	0x08effc0c	0xfdf314ff	0xfa0a0b10
0x1c055cb0:	0x081002ff	0x10effc0c	0xfd0214ff	0x100a0b10
0x1c055cc0:	0x081002ff	0x00ef180c	0x0c1012ff	0xfb0a0b10
0x1c055cd0:	0x0a1002ff	0x00effc0c	0xfffb12ff	0xfb0a0b10
0x1c055ce0:	0x0a100205	0x10ef180c	0x0cfb12ff	0xfb080b10
0x1c055cf0:	0x081002f7	0x01effc0c	0x0c1012ff	0xfb0a0b10
0x1c055d00:	0x08100205	0x00effc0c	0x0cf31410	0x10080b10
0x1c055d10:	0x081006f7	0x10effc0c	0xfdf312ff	0xfa0a0b10
0x1c055d20:	0x081002ff	0x01effc0c	0x0cf312ff	0x10080b10
0x1c055d30:	0x081002ff	0x01effc0c	0x0cf312ff	0x08080910
0x1c055d40:	0x081002f7	0x01ef100c	0x0c0210ff	0xfb080910
0x1c055d50:	0x0a1002f7	0x01effc0c	0xff1014ff	0x10080b10
0x1c055d60:	0x0a100205	0x10effc0c	0xfd1012fe	0x100a0b10
0x1c055d70:	0x081002ff	0x00ef180c	0x0c0212ff	0x10080b10
0x1c055d80:	0x0a1002ff	0x10ef180c	0xfd10140c	0x10080910
0x1c055d90:	0x0a1002f7	0x10effc0c	0xfd10140c	0xf90a0910
0x1c055da0:	0x081006f7	0x01effc0c	0xfff31406	0x10080910
0x1c055db0:	0x081002f7	0x01ef180c	0x0c1014ff	0x0a0a0b10
0x1c055dc0:	0xff100205	0x01ef180c	0x0cf314ff	0xfb080b10
0x1c055dd0:	0x0a1002f7	0x08ef180c	0xfdf312fe	0xfb080b10
0x1c055de0:	0x081006ff	0x10effc0c	0xfdfb12ff	0xfb080b10
0x1c055df0:	0x081002ff	0x01effc0c	0xfff314ff	0xfb080b10
0x1c055e00:	0x081002ff	0x10ef180c	0x051012ff	0x100a0b10
0x1c055e10:	0x081002ff	0x01effc0c	0x0d10120c	0x100a0910
0x1c055e20:	0x08100205	0x10effc0c	0xfd10140c	0xfe0a0b10
0x1c055e30:	0x081002f7	0x01effc0c	0xff1012ff	0x10080b10
0x1c055e40:	0x08100205	0x08effc0c	0x0c1012ff	0xfb0a0b10
0x1c055e50:	0xff1002ff	0x01effc0c	0x0cf714ff	0xfb080910
0x1c055e60:	0x081002f7	0x08effc0c	0x0d031210	0xfb080b10
0x1c055e70:	0x0a100205	0x08effc0c	0xf7f312ff	0xfb080b10
0x1c055e80:	0x0a1002ff	0x01effc0c	0xfd1012ff	0x10080b10
0x1c055e90:	0x081002f7	0x10effc0c	0x071012fe	0xfa080b10
0x1c055ea0:	0x081002ff	0x10effc0c	0x07f3140c	0xfb080b10
0x1c055eb0:	0xfb1002ff	0x00effc0c	0xfef312ff	0xfb080b10
0x1c055ec0:	0x0a1002f7	0x01ef180c	0xfe1012ff	0xfb080910
0x1c055ed0:	0x081002ff	0x10effc0c	0x0c101410	0xfb080b10
0x1c055ee0:	0x08100205	0x08ef180c	0x140212ff	0xfb080b10
0x1c055ef0:	0x0a1002ff	0x10ef180c	0x0c0214ff	0x10080910
0x1c055f00:	0x08100205	0x01ef180c	0xfdf312ff	0x0a0a0b10
0x1c055f10:	0x081002f7	0x01effc0c	0x0c101204	0xfa0a0b10
0x1c055f20:	0x08100605	0x08effc0c	0xfd1012fe	0xfb080910
0x1c055f30:	0x080806ff	0x00effc0c	0x0c021208	0xfb080b10
0x1c055f40:	0x02080205	0x01ef0c08	0x0c020eff	0xfb020908
0x1c055f50:	0x031002ff	0x10effc0c	0x0c1012ff	0xfb080910
0x1c055f60:	0xfb1002f7	0x01ef180c	0x0cf312ff	0xfb080b10
0x1c055f70:	0xef1006ff	0x01effc0c	0x0cf71204	0xfb080910
0x1c055f80:	0xff1002ff	0x08effc0c	0x0cf312ff	0xfb080910
0x1c055f90:	0x081002ff	0x08effc0c	0xfff312ff	0xfb080910
0x1c055fa0:	0x081002f7	0x10ef180c	0x050312ff	0x10080b10
0x1c055fb0:	0x081002ff	0x08effc0c	0x0cf712ff	0x10080b10
0x1c055fc0:	0xfb1002ff	0x10effc0c	0xfd03140c	0xff0a0b10
0x1c055fd0:	0x08100205	0x08effc0c	0xfdf314ff	0x080a0b10
0x1c055fe0:	0x081002ff	0x01effc0c	0x0c1014ff	0x10080b10
0x1c055ff0:	0x081002f7	0x08ef180c	0x0cf312ff	0x10080b10
0x1c056000:	0x081002ff	0x08ef180c	0xfff31208	0xfd0a0910
0x1c056010:	0x081002ff	0x00ef180c	0x0cf312ff	0xfb080910
0x1c056020:	0x081002f7	0x01effc0c	0xfff70eff	0x100a0b10
0x1c056030:	0x081002ff	0x01ef180c	0x0cf314ff	0x10080910
0x1c056040:	0x0a1002ff	0x01effc0c	0x0df712fe	0xfb080910
0x1c056050:	0x08100205	0x01effc0c	0x0c101206	0xfb0a0b10
0x1c056060:	0xef1002f7	0x00effc0c	0xfc101410	0xfb080b10
0x1c056070:	0x081002ff	0x01ef180c	0x0cfb12ff	0xfb080b10
0x1c056080:	0xfb1002f7	0x01effc0c	0x0c1012ff	0xfb080910
0x1c056090:	0x081002ff	0x01effc0c	0xfdf312fe	0xfb080910
0x1c0560a0:	0xef1002ff	0x00ef180c	0xfe1012ff	0xfb0a0b10
0x1c0560b0:	0x081002f7	0x00ef180c	0x0d1012ff	0xfb080b10
0x1c0560c0:	0x08100205	0x00ef180c	0xfd1012ff	0xfb080b10
0x1c0560d0:	0x081002ff	0x08effc0c	0x0c1012ff	0xf9080b10
0x1c0560e0:	0x0a0802f7	0x00effc0c	0x0d0212ff	0x0a080b10
0x1c0560f0:	0xef1002f7	0x01effc0c	0xfffb12ff	0xfb080b10
0x1c056100:	0x081002ff	0x00effc0c	0xfd1012ff	0xfb080b10
0x1c056110:	0x081002ff	0x08ef180c	0x0c1010ff	0xfb080910
0x1c056120:	0x081002f7	0x01ef1004	0x0c1014ff	0xfb080910
0x1c056130:	0xff0802ff	0x01effc0c	0x0c0210fe	0x0a080910
0x1c056140:	0x02020201	0x01fafc04	0x0c0210ff	0x08000904
0x1c056150:	0x030202ff	0x00effc04	0x04fb10fe	0xfb080910
0x1c056160:	0x020802ff	0x01effc0c	0x0cfb10ff	0xfb020910
0x1c056170:	0x020802ff	0x00effc04	0xff0210ff	0x10080908
0x1c056180:	0x020802ff	0x00effc0c	0xff0310ff	0xfb080910
0x1c056190:	0x020802ff	0x00ef100c	0x04fb10fe	0xfb000910
0x1c0561a0:	0x030802ff	0x00ef1004	0x0c0210fe	0x08080910
0x1c0561b0:	0x030806ff	0x00effc0c	0x0cf31204	0x10080910
0x1c0561c0:	0x081002ff	0x01effc0c	0x0cf310ff	0x10020910
0x1c0561d0:	0x080802ff	0x00effc0c	0x07fb10fe	0xfb080910
0x1c0561e0:	0x03080205	0x01effc0c	0x0c0310ff	0xfb020910
0x1c0561f0:	0x080802ff	0x01effc04	0x0cf710fe	0x10020910
0x1c056200:	0x020802ff	0x01effcfd	0x0cfb10ff	0x08020910
0x1c056210:	0xff0802ff	0x01ef0c04	0x0c020eff	0xfb020908
0x1c056220:	0x080802ff	0x00effc0c	0xfff310ff	0xfb080910
0x1c056230:	0x020802ff	0x01effc08	0x0cf710ff	0xfb080910
0x1c056240:	0x02080205	0x08effc0c	0xff0212ff	0xfb080908
0x1c056250:	0x080802ff	0x00ef0c04	0x0cf310ff	0xfa020910
0x1c056260:	0x081002ff	0x00effc0c	0x0cf310fe	0xfb020910
0x1c056270:	0x080802ff	0x00effc04	0x070310ff	0xfb020908
0x1c056280:	0x030802ff	0x01effc0c	0x0c021008	0xfb080910
0x1c056290:	0x030802ff	0x01ef100c	0x050210ff	0xfb080910
0x1c0562a0:	0x030802ff	0x00effc04	0x05fb10fe	0xfb000910
0x1c0562b0:	0x030802ff	0x00effc0c	0xfff310ff	0xfb020910
0x1c0562c0:	0x030802ff	0x01effc08	0xff0310fe	0xfb000904
0x1c0562d0:	0x020802ff	0x00effcfd	0x0c031004	0x10020904
0x1c0562e0:	0x030802ff	0x00effc0c	0xfef710ff	0xfb020910
0x1c0562f0:	0x030802ff	0x01effc0c	0x0c0210ff	0xfb000904
0x1c056300:	0xfb0802ff	0x01effc0c	0xfe0210ff	0xfb000908
0x1c056310:	0x030802ff	0x00effc08	0x06f71004	0xfb000910
0x1c056320:	0xff080205	0x01ef080c	0x0cf710ff	0xff020908
0x1c056330:	0x02000201	0x00fcfcfd	0xfffb0efe	0xfb000808
0x1c056340:	0x00000201	0x00fcfc04	0x08fb0cfe	0xfe000104
0x1c056350:	0x020002ff	0x00fafc04	0x050206fe	0x08000104
0x1c056360:	0x000002ff	0x00fafc00	0xfefb0aff	0xfb000100
0x1c056370:	0xff0002ff	0x00fefc04	0x0cfb0aff	0xfb000104
0x1c056380:	0xff000201	0x00fefc00	0x0c020aff	0xfb000804
0x1c056390:	0x010002ff	0x00fafc04	0xfeff0aff	0xfe000104
0x1c0563a0:	0x00000201	0x00fefcff	0xfe020aff	0x08000104
0x1c0563b0:	0x000002ff	0x00fcfcff	0x04020aff	0xfb000104
0x1c0563c0:	0xff0002ff	0x00fefc04	0xfffb0cff	0xfb000104
0x1c0563d0:	0x01000201	0x00fe0800	0x05020aff	0x08000104
0x1c0563e0:	0x020002ff	0x00fe0800	0xfe020aff	0x08000104
0x1c0563f0:	0x00000201	0x00fefcff	0x06fb0aff	0x08000104
0x1c056400:	0x020002ff	0x00fefc00	0x05020cfe	0xfe000104
0x1c056410:	0x01000201	0x00fefc04	0x04020cff	0xfe000104
0x1c056420:	0x00000201	0x00fefc04	0x05020aff	0x08000100
0x1c056430:	0x000002ff	0x00fefc00	0x0cfb0aff	0xfb000804
0x1c056440:	0x00000201	0x00fefcfd	0x05ff0aff	0xfb000104
0x1c056450:	0xff0002ff	0x00fefc04	0xff020aff	0x08000104
0x1c056460:	0x000002ff	0x00fefc00	0xfefb0aff	0xff000100
0x1c056470:	0xff0002ff	0x00fdfc04	0x05020cff	0xfb000104
0x1c056480:	0x01000201	0x00fefcff	0x05ff06ff	0x08000304
0x1c056490:	0xff0002ff	0x00fcfc04	0x05020aff	0x08000100
0x1c0564a0:	0x000002ff	0x00fefc00	0x040206ff	0xfb000100
0x1c0564b0:	0x000002ff	0x00fbfcff	0xfdfb0aff	0xfb000104
0x1c0564c0:	0xff000201	0x00fefc00	0x04020a00	0xfb000100
0x1c0564d0:	0x01000201	0x00fefcff	0x05ff0cff	0xff000104
0x1c0564e0:	0x01000201	0x00fdfc00	0xfeff0aff	0xfb000104
0x1c0564f0:	0xff000201	0x00fefc00	0x04020aff	0xff000100
0x1c056500:	0xff000201	0x00fefc04	0xfeff0aff	0xfb000100
0x1c056510:	0x010002ff	0x00fefc00	0x05ff0c00	0xff000104
0x1c056520:	0x010002ff	0x00fe0800	0x04fb0aff	0x08000104
0x1c056530:	0xff0000ff	0x00fefc00	0x04020aff	0x02000100
0x1c056540:	0x00000001	0x00fefcff	0x05020aff	0xfb000100
0x1c056550:	0x02000201	0x00fefcff	0xfffb0cff	0xfb000104
0x1c056560:	0x010002ff	0x00fefc00	0x06020aff	0x02000104
0x1c056570:	0x000002ff	0x00fefc00	0x0c020aff	0x08000100
0x1c056580:	0x01000201	0x00fe0804	0x05020aff	0x08000104
0x1c056590:	0x01000201	0x00fefc00	0xfeff0aff	0x08000100
0x1c0565a0:	0x00000201	0x00fefc00	0x05020aff	0xfb000104
0x1c0565b0:	0x01000201	0x00fe0804	0xfeff0cff	0xfb000104
0x1c0565c0:	0x00000201	0xfdfefc04	0x05020aff	0xfe000104
0x1c0565d0:	0x01000201	0x00fe0800	0xfefb0cff	0xff000804
0x1c0565e0:	0x00000201	0x00fefc04	0x05fb06ff	0xfe000104
0x1c0565f0:	0x000002ff	0x00fe0804	0x0c020cff	0xfb000100
0x1c056600:	0x01000201	0x00fefc04	0x0c020aff	0xfb000104
0x1c056610:	0xff0002ff	0x00fefc04	0x05fb06ff	0xfb000104
0x1c056620:	0x000000ff	0x00fbfc04	0xfe020aff	0xfb000100
0x1c056630:	0x00000201	0x00fefc00	0x04020a00	0xfb000104
0x1c056640:	0x00000201	0x00fefcff	0xfeff06ff	0x08000104
0x1c056650:	0xff000201	0x00fefc00	0x08ff0aff	0xfb000100
0x1c056660:	0x000000ff	0x00fefc04	0xfe020aff	0x08000100
0x1c056670:	0x00000201	0x00fe0800	0xff020cff	0xfbff0100
0x1c056680:	0x010002ff	0x00fefc00	0x05020aff	0x08000100
0x1c056690:	0x000002ff	0x00fefc00	0x060206ff	0xfb000104
0x1c0566a0:	0x00000201	0x00fefc00	0x0c020cff	0xfb000304
0x1c0566b0:	0x010002ff	0x00fefc04	0x06020aff	0xfb000104
0x1c0566c0:	0x010002ff	0x00fefc04	0x0c0206ff	0xfb000104
0x1c0566d0:	0x000002ff	0x00fefcff	0x05fb0aff	0xfb000100
0x1c0566e0:	0x000002ff	0x00fefc04	0x04020aff	0xff000100
0x1c0566f0:	0x000002ff	0x00fcfc04	0xffff0a00	0x08000100
0x1c056700:	0x00000201	0x00fefc00	0x05fb0aff	0xfb000100
0x1c056710:	0x00000201	0x00fefc04	0x05ff06ff	0x08000100
0x1c056720:	0x01000201	0x00fefcff	0x05ff0aff	0x08000100
0x1c056730:	0x000000ff	0x00fefc00	0xfeff06ff	0xff000100
0x1c056740:	0x00000201	0x00fe0800	0x05fb0aff	0x02000104
0x1c056750:	0x020000ff	0x00fe08ff	0xfe020a00	0xff000104
0x1c056760:	0x00000201	0x00fefc00	0xfeff0aff	0x08000100
0x1c056770:	0x000002ff	0x00fefc00	0xfe020aff	0xfe000100
0x1c056780:	0x010002ff	0x00fefcff	0x05020aff	0xff000104
0x1c056790:	0x00000201	0x00fcfcff	0xff0206ff	0xfe000100
0x1c0567a0:	0x00000201	0x00fcfc00	0x05020a00	0xff000104
0x1c0567b0:	0xff000201	0x00fe0804	0x060206ff	0xfb000100
0x1c0567c0:	0xff0002ff	0x00fefc00	0x05ff0aff	0xfb000104
0x1c0567d0:	0x00000201	0x00fefc04	0x07020aff	0xfb000100
0x1c0567e0:	0x01000201	0x00fe0800	0xff030aff	0x02000100
0x1c0567f0:	0xff000201	0x00fe0800	0x0cff0aff	0xfd000300
0x1c056800:	0x00000201	0x00fefc04	0x05fb0cff	0xfe000804
0x1c056810:	0x00000201	0x00fcfc04	0xfd020aff	0x08000104
0x1c056820:	0x000002ff	0x00fcfc00	0x05020aff	0x08000104
0x1c056830:	0x00000201	0x00fbfc00	0x04ff0aff	0xfb000104
0x1c056840:	0x000002ff	0x00fefcff	0x07fb0afe	0xfe000100
0x1c056850:	0x00000201	0x00fe08ff	0xfefe0aff	0xfb000100
0x1c056860:	0x000002ff	0x00fefcff	0x0cff0aff	0xfb000104
0x1c056870:	0x00000201	0x00fefcff	0x040206fe	0xfb000104
0x1c056880:	0x00000201	0x00fefc04	0x05020aff	0xff000104
0x1c056890:	0x000002ff	0x00fefc00	0x04020aff	0xff000804
0x1c0568a0:	0x00000201	0x00fbfc00	0x06020aff	0xff000100
0x1c0568b0:	0x020002ff	0x00fefc04	0x0cfb06ff	0xfb000104
0x1c0568c0:	0xff000201	0x00fefc04	0x0cff0aff	0xfb000104
0x1c0568d0:	0x00000201	0x00fefc04	0x05020aff	0xfb000104
0x1c0568e0:	0x00000201	0x00fefcff	0x04ff0aff	0xfb000100
0x1c0568f0:	0x01000201	0x00fefc00	0xfe020aff	0x02000104
0x1c056900:	0xff000201	0x00fefc04	0xfe020aff	0xfb000104
0x1c056910:	0x01000201	0x00fefc00	0xfe020cff	0xfb000104
0x1c056920:	0x00000201	0x00fefc00	0x05020aff	0xfb000104
0x1c056930:	0xff0000ff	0x00fefc00	0x050206ff	0xfe000100
0x1c056940:	0x000000ff	0x00fdfc00	0xfefb06ff	0xfb000100
0x1c056950:	0x000002ff	0x00fefc04	0xfeff0aff	0xfb000100
0x1c056960:	0x00000201	0x00fefc04	0x05fb06ff	0xff000104
0x1c056970:	0x000002ff	0x00fefc04	0x04ff0aff	0x08000104
0x1c056980:	0x00000201	0x00fefc00	0xffff06ff	0xfe000100
0x1c056990:	0x01000201	0x00fefc00	0x05020aff	0x08000104
0x1c0569a0:	0x00000201	0x00fcfc04	0xfe020aff	0xfb000104
0x1c0569b0:	0xff0002ff	0x00fcfc04	0xff020aff	0xfb000104
0x1c0569c0:	0x000002ff	0x00fefc04	0xff020cff	0xfe000104
0x1c0569d0:	0x000002ff	0x00fcfc04	0x04020aff	0xfb000804
0x1c0569e0:	0x01000201	0x00fefc04	0xfefb0aff	0xfb000104
0x1c0569f0:	0x00000201	0x00fefc04	0xfffb0aff	0xfe000100
0x1c056a00:	0x00000201	0x00fe0804	0x08020aff	0x08000104
0x1c056a10:	0x00000201	0x00fcfc04	0xff020aff	0x08000304
0x1c056a20:	0x010002ff	0x00fcfc04	0xffff0aff	0x08000104
0x1c056a30:	0x000002ff	0x00fefc04	0xffff0aff	0xfb000104
0x1c056a40:	0x000002ff	0x00fefc04	0xfeff06ff	0x08000300
0x1c056a50:	0xff000201	0x00fcfcff	0x05020aff	0xff000104
0x1c056a60:	0x00000201	0x00fc0804	0x04020aff	0x08000104
0x1c056a70:	0x00000201	0x00fefc04	0x0c020cff	0x08000104
0x1c056a80:	0x00000201	0x00fefc00	0xffff0aff	0xfb000100
0x1c056a90:	0x000002ff	0x00fe08ff	0x04020aff	0xfb000104
0x1c056aa0:	0xff0002ff	0x00fe0800	0x04ff0a00	0x08000104
0x1c056ab0:	0x00000201	0x00fefcff	0xfefb0aff	0xfb000108
0x1c056ac0:	0xff0002ff	0xfffe08ff	0x0c020cfe	0xfb000104
0x1c056ad0:	0x000002ff	0x00fefc04	0x040206ff	0xfb000804
0x1c056ae0:	0x000002ff	0x00fefc04	0x04ff0aff	0xff000104
0x1c056af0:	0x000002ff	0x00fefcff	0x0c020aff	0xfb000104
0x1c056b00:	0x00000201	0x00fefcff	0xffff0aff	0xfb000104
0x1c056b10:	0x000002ff	0x00fefcff	0xfefb06ff	0xfb000104
0x1c056b20:	0xff000201	0x00fefc00	0x0cff0aff	0xfb000100
0x1c056b30:	0x00000201	0x00fe08ff	0xfe020aff	0xfb000104
0x1c056b40:	0x00000201	0x00fefc04	0x040206ff	0xfb000104
0x1c056b50:	0x000002ff	0x00fefcff	0x0cff0a00	0xfb000104
0x1c056b60:	0x00000201	0x00fefc00	0x05020aff	0xfe000304
0x1c056b70:	0x000002ff	0xfffefcff	0xfe020aff	0xfb000100
0x1c056b80:	0x000002ff	0x00fefc00	0xff0206ff	0xfe000100
0x1c056b90:	0x00000201	0x00fe0800	0xfe020a00	0x08000800
0x1c056ba0:	0x00000201	0x00fefc00	0x04fb0aff	0xfb000104
0x1c056bb0:	0x00000201	0x00fcfc00	0xfeff0aff	0xfb000104
0x1c056bc0:	0x000002ff	0x00fefc04	0x0c020aff	0xfb000104
0x1c056bd0:	0x00000201	0x00fe0800	0x050206ff	0xfb000100
0x1c056be0:	0xff000201	0x00fdfcff	0x06ff0aff	0xfeff0104
0x1c056bf0:	0x00000201	0x00fefc00	0x04ff0aff	0xfb000100
0x1c056c00:	0x000002ff	0x00fefc04	0x050206ff	0xfe000104
0x1c056c10:	0x000002ff	0x00fefc00	0xfeff0aff	0xfb000104
0x1c056c20:	0x00000201	0x00fdfc00	0x04ff0aff	0x02000100
0x1c056c30:	0xff0002ff	0x00fefc04	0x0cff06ff	0x08000100
0x1c056c40:	0x00000201	0x00fefc00	0x05fb0aff	0xfe000100
0x1c056c50:	0x00000201	0x00fefc04	0x05020a00	0xff000104
0x1c056c60:	0x000002ff	0x00fefc00	0x04ff0aff	0x08000100
0x1c056c70:	0xff000201	0x00fe08ff	0x0cff0aff	0x08000104
0x1c056c80:	0x000002ff	0x00fefc00	0x05020aff	0xfe000104
0x1c056c90:	0xff0002ff	0x00fcfc00	0x0c020aff	0xfb000100
0x1c056ca0:	0x00000001	0x00fefcff	0xfe020aff	0xff000104
0x1c056cb0:	0x00000201	0x00fefc04	0x05020cff	0xfb000304
0x1c056cc0:	0x010002ff	0x00fefcff	0x050206ff	0xfb000100
0x1c056cd0:	0x00000201	0x00fe0804	0x08020aff	0x08000104
0x1c056ce0:	0x00000201	0x00fefc00	0x0c0206ff	0x08000100
0x1c056cf0:	0x000002ff	0x00fefc04	0xfeff06ff	0x08000104
0x1c056d00:	0x000002ff	0x00fe08ff	0x05020a00	0xfe000100
0x1c056d10:	0x000002ff	0x00fefc04	0x0c0206ff	0x08000104
0x1c056d20:	0x00000201	0x00fefc00	0xfffb0aff	0x08000104
0x1c056d30:	0x000000ff	0x00fefc00	0x04020aff	0x08000104
0x1c056d40:	0x00000201	0x00fefcff	0xfe0208ff	0xfbff0100
0x1c056d50:	0x000002ff	0x00fefcff	0x04020aff	0xfb000104
0x1c056d60:	0x000002ff	0x00fefc00	0x04ff0aff	0xfb000100
0x1c056d70:	0x00000201	0x00fefcff	0x08ff0aff	0xfe000104
0x1c056d80:	0x000002ff	0x00fefcff	0xff020aff	0xff000100
0x1c056d90:	0x00000201	0x00fefc00	0x0c0206ff	0x08000100
0x1c056da0:	0x000002ff	0x00fe0800	0x04020aff	0xfb000100
0x1c056db0:	0xff000201	0x00fefcff	0x04ff06ff	0xff000100
0x1c056dc0:	0x00000201	0x00fefcff	0xfe020aff	0xfb000104
0x1c056dd0:	0x00000201	0x00fe0804	0x04ff0aff	0xff000104
0x1c056de0:	0x00000201	0x00fefc00	0x0cfb0aff	0xfb000104
0x1c056df0:	0x00000201	0x00fcfc04	0xfeff0aff	0xff000800
0x1c056e00:	0x00000201	0x00fe0804	0xfe020aff	0xfb000104
0x1c056e10:	0x00000201	0x00fcfc00	0x080206ff	0xfb000104
0x1c056e20:	0xfffb0201	0x00fefc00	0xfeff0aff	0xfb000104
0x1c056e30:	0x000002ff	0x00fbfc04	0x040206ff	0xfb000100
0x1c056e40:	0x00000201	0x00fe08ff	0x05020cff	0xfb000104
0x1c056e50:	0x00000201	0x00fe08ff	0xffff0aff	0xfb000104
0x1c056e60:	0x00000201	0x00fdfc00	0xfe0206ff	0xfb000100
0x1c056e70:	0x000002ff	0x00fe0804	0xfe020aff	0xfb000104
0x1c056e80:	0x00000201	0x00fefc04	0x04020aff	0x08000104
0x1c056e90:	0xff0002ff	0x00fbfcff	0xfeff06ff	0xff000104
0x1c056ea0:	0xff000001	0x00fefcff	0x050206ff	0xfb000300
0x1c056eb0:	0x00000001	0x00fefc00	0x040206ff	0x02000108
0x1c056ec0:	0x00000001	0x00fefc00	0x04020aff	0x08000104
0x1c056ed0:	0x00000201	0x00fcfc00	0x05020aff	0xfb000304
0x1c056ee0:	0x000000ff	0x00fefc04	0x04ff0a00	0x08000104
0x1c056ef0:	0x00000201	0x00fbfc04	0x06ff06ff	0xfb000104
0x1c056f00:	0x00000201	0x00fefc00	0x04020aff	0xfe000100
0x1c056f10:	0x00000201	0x00fefc04	0x04020aff	0x08000100
0x1c056f20:	0x00000201	0x00fefc00	0x050206ff	0xff000100
0x1c056f30:	0x00000001	0x00fefc00	0x04020aff	0x02000100
0x1c056f40:	0x000002ff	0x00fefc00	0x0c020aff	0xfb000104
0x1c056f50:	0x02000204	0x00fafc04	0x0cf70cff	0xfb000804
0x1c056f60:	0x020002ff	0x00fafc04	0x0cfb0eff	0x08000804
0x1c056f70:	0xff0202ff	0x00fafc04	0x0c030efe	0xfb000908
0x1c056f80:	0x020802ff	0x00fefc04	0x0c0310ff	0xfb000908
0x1c056f90:	0x020806ff	0x00effc04	0x05020eff	0xfb020908
0x1c056fa0:	0x020802ff	0x00effc08	0x0cfb10ff	0xff080908
0x1c056fb0:	0x030202ff	0x01ef0c04	0xfe0210ff	0xfb020910
0x1c056fc0:	0x031002ff	0x00effc0c	0x0c0310ff	0xfa080b10
0x1c056fd0:	0x021002ff	0x00ef0c04	0xfd0310ff	0xfb000910
0x1c056fe0:	0x080802ff	0x01effc0c	0xfc0210ff	0xfb080b10
0x1c056ff0:	0x03080205	0x00effc0c	0x0cfb10ff	0xfb080910
0x1c057000:	0x020802ff	0x00ef0c04	0x0cf710ff	0xfb080910
0x1c057010:	0x020002ff	0x01ef080c	0x06f70eff	0xfb000910
0x1c057020:	0x020802ff	0x00effc0c	0x0c0210fe	0xfb020b10
0x1c057030:	0xfb0802ff	0x01effc0c	0x0cf712ff	0xfb020910
0x1c057040:	0x02080205	0x01effc0c	0x0cf310ff	0xfb000904
0x1c057050:	0x020802ff	0x00effc04	0x050210ff	0xfb020910
0x1c057060:	0x02000205	0x00f70808	0x040307ff	0xfb000904
0x1c057070:	0x020202ff	0x00fafc04	0x0c020eff	0x08000908
0x1c057080:	0x020802ff	0x00fafc04	0x0cfb0eff	0xfb000908
0x1c057090:	0x020802ff	0x00fafc04	0x04020eff	0xfb000908
0x1c0570a0:	0x02080203	0x00fefc04	0x0c020eff	0x08000908
0x1c0570b0:	0x020002ff	0x00f7080c	0x0cfb10ff	0xfb000908
0x1c0570c0:	0x02000204	0x00effc04	0xfefb0efe	0xff000908
0x1c0570d0:	0x020802ff	0x00ef0c04	0x0c0310ff	0xfb020904
0x1c0570e0:	0x020802ff	0x00effcfc	0x0cfb10ff	0x09000908
0x1c0570f0:	0x020802ff	0x00effc0c	0x0cf710ff	0x08000910
0x1c057100:	0xff0802ff	0x00fafc04	0x0cf70eff	0xfb000908
0x1c057110:	0x020002ff	0x00fafc08	0x0cf710ff	0xfb000908
0x1c057120:	0x010802ff	0x00fa08fd	0xfefe06fe	0xfb000804
0x1c057130:	0xff000201	0x00fafc04	0x05fb0cff	0xfb000804
0x1c057140:	0xff0802ff	0x00fafc0c	0xfe0310fe	0xfb000908
0x1c057150:	0x031002ff	0x08ef180c	0x0cf312ff	0xfb080910
0x1c057160:	0x08100205	0x01ef180c	0x071012ff	0xfb080b10
0x1c057170:	0x081002f7	0x08effc0c	0x0c0314ff	0x10080b10
0x1c057180:	0xff1002f7	0x10ef180c	0x0d0212ff	0xfb080910
0x1c057190:	0x081002f7	0x08ef180c	0x141014ff	0xfb080b10
0x1c0571a0:	0x081006ff	0x00effc0c	0xfdf312fe	0x10080b10
0x1c0571b0:	0x0a1006ff	0x08effc0c	0x0d1012ff	0xfb080b10
0x1c0571c0:	0x081006f7	0x01ef180c	0x14f314ff	0x100a0b10
0x1c0571d0:	0xfb1002f7	0x08effc0c	0x0c1014ff	0xfb0a0b10
0x1c0571e0:	0x0a1002f7	0x10effc04	0xff1012ff	0x100a0b10
0x1c0571f0:	0x0a100205	0x08effc0c	0xf7f31410	0xf90a0b10
0x1c057200:	0x0a1006f7	0x08effc0c	0x0c1014fe	0x100a0b10
0x1c057210:	0x0a1002ff	0x08ef180c	0x0d1014ff	0xfb0a0b10
0x1c057220:	0x081002f7	0x10effc0c	0xfd1014ff	0xfb080b10
0x1c057230:	0x081002ff	0x10effc0c	0xfffb12ff	0xfb0a0b10
0x1c057240:	0x0a1006f7	0x01ef180c	0xfff30eff	0x0a080b10
0x1c057250:	0x0a1002f7	0x08ef180c	0x0cf314ff	0xfb0a0b10
0x1c057260:	0x0a1006ff	0x01effc0c	0x0c1014ff	0xfb080b10
0x1c057270:	0x08100605	0x08ef180c	0x0d1014fe	0xfb0a0b10
0x1c057280:	0x081002f7	0x00effc0c	0xff1012fe	0xfb080b10
0x1c057290:	0x08100605	0x01effc0c	0x0e0312ff	0xfb080b10
0x1c0572a0:	0xff1006ff	0x10effc0c	0x071012ff	0xfb080b10
0x1c0572b0:	0x081002ff	0x01effc0c	0x07031410	0x10080b10
0x1c0572c0:	0x081006f7	0x01effc0c	0x0d101210	0xfb080b10
0x1c0572d0:	0x08100205	0x08ef180c	0x141014ff	0xfa080b10
0x1c0572e0:	0x0a1002ff	0x01ef180c	0x0e1012ff	0x10080b10
0x1c0572f0:	0x0a1002f7	0x01ef180c	0x0c0314fe	0x10080b10
0x1c057300:	0x081002f7	0x01effc0c	0x0c1012ff	0xfb080910
0x1c057310:	0x081002f7	0x01ef180c	0x0cfb12ff	0xfb080910
0x1c057320:	0x081002ff	0x01effc0c	0x0c0312ff	0xfb080b10
0x1c057330:	0x03080205	0x01effc0c	0xfd0210ff	0xfb020910
0x1c057340:	0x081006f7	0x01effc0c	0x0c0214ff	0xfb080b10
0x1c057350:	0x0a1002f7	0x10effc0c	0x0cf314ff	0xfb0a0b10
0x1c057360:	0x0a1002ff	0x08ef180c	0xff1012ff	0xfb0a0b10
0x1c057370:	0x0a1002f7	0x10effc0c	0x0c1014ff	0x10080b10
0x1c057380:	0x0a1002f7	0x10ef180c	0x0c1016ff	0x180c0b10
0x1c057390:	0x0a1002ff	0x01ef180c	0xfd1016ff	0xfb0c0b10
0x1c0573a0:	0x0a1010f7	0x01effc0c	0x0df3160c	0xfb0a0b10
0x1c0573b0:	0x0a1002f7	0x08ef180c	0xff02140c	0xfb0a0b10
0x1c0573c0:	0x081002f7	0x10ef180c	0x0d101610	0xfb0a0b10
0x1c0573d0:	0x0a1002ff	0x08ef180c	0x06101610	0x100a0b10
0x1c0573e0:	0x0a1002ff	0x10ef180c	0x14f714ff	0xfb0a0b10
0x1c0573f0:	0x0a1002ff	0x01effc0c	0x071016ff	0xfb0a0b10
0x1c057400:	0x0a1002f7	0x10effc0c	0xfd1016ff	0xfa0c0b10
0x1c057410:	0x0a100205	0x10eefc0c	0xff1016ff	0xfa0a0b10
0x1c057420:	0x0a1002f7	0x10eefc0c	0x0c1014ff	0x180a0b10
0x1c057430:	0xef1002f7	0x10effc0c	0x0d1016ff	0x180a0b10
0x1c057440:	0x0a100205	0x08effc0c	0x0efa16ff	0xfb0a0b10
0x1c057450:	0x0a1002f7	0x01effc0c	0xfe1016ff	0xfb0a0b10
0x1c057460:	0xef100605	0x08ef180c	0x0cfb14fe	0xff0a0b10
0x1c057470:	0x0a1002ff	0x10effc0c	0x0d101210	0xfb0a0b10
0x1c057480:	0xef1002ff	0x01ef180c	0x0e101410	0xfb0a0b10
0x1c057490:	0x081002f7	0x10effc0c	0x0df314ff	0xfb0a0b10
0x1c0574a0:	0x0a1002ff	0x08eefc0c	0xff1016ff	0xfb0a0b10
0x1c0574b0:	0x081002f7	0x10ef180c	0xff101610	0xfb0a0b10
0x1c0574c0:	0x0a1002f7	0x01ee180c	0x0c1014ff	0xfb0a0b10
0x1c0574d0:	0x0a1006f7	0x08effc0c	0x0d1016ff	0xfb0a0b10
0x1c0574e0:	0x0a1002f7	0x10effc0c	0xff0316ff	0xfb0a0b10
0x1c0574f0:	0x0a1002ff	0x08effc0c	0x0c1012ff	0xfb0a0b10
0x1c057500:	0x08100205	0x01ee180c	0x0c1014ff	0x180a0b10
0x1c057510:	0x0a1002ff	0x08effc0c	0xff1012ff	0xfb080b10
0x1c057520:	0x0a1006f7	0x10ef180c	0xfd1016ff	0xfb0a0b10
0x1c057530:	0x0a1006f7	0x08effc0c	0x0e0314ff	0xfb080b10
0x1c057540:	0x0a1002f7	0x01ef180c	0x051014ff	0xfb080b10
0x1c057550:	0x0a1002f7	0x10effc0c	0x0d0a14ff	0x0a0a0b10
0x1c057560:	0x0a1006f7	0x10effc0c	0x141016ff	0xfb0a0b10
0x1c057570:	0x0a1002f7	0x01ef180c	0xfd1014ff	0x100a0b10
0x1c057580:	0x0a1006f7	0x10effc0c	0x051012fe	0xfb080b10
0x1c057590:	0xfb1006f7	0x10effc0c	0x0c10140c	0xfb0a0b10
0x1c0575a0:	0x0a1002f7	0x10effc0c	0xff1012ff	0xfb0a0b10
0x1c0575b0:	0x0a1002f7	0x10ef180c	0x0dfb14ff	0xfb0a0b10
0x1c0575c0:	0x081006f7	0x00effc0c	0x07f314ff	0x100a0b10
0x1c0575d0:	0x0a1002ff	0x08ef180c	0x0cf316ff	0x100a0b10
0x1c0575e0:	0x0a1002f7	0x01effc0c	0x071014ff	0xfb0a0b10
0x1c0575f0:	0x0a1002f7	0x10ef180c	0xff1016ff	0x100a0b10
0x1c057600:	0x0a1002ff	0x10ef180c	0x0d101406	0xfb0a0b10
0x1c057610:	0x0a1006f7	0x10effc0c	0xfd1014ff	0xf90a0b10
0x1c057620:	0x0a1002f7	0x10effc0c	0x0ef312ff	0x100a0b10
0x1c057630:	0xff1002f7	0x10effc0c	0xf7f316ff	0xfb0a0b10
0x1c057640:	0x0a1002f7	0x10effc0c	0x0d1016ff	0xfb0a0b10
0x1c057650:	0x0a1002f7	0x10effc0c	0x0e10140c	0x100a0b10
0x1c057660:	0x081006ff	0x01effc0c	0x0d101610	0xfb0a0b10
0x1c057670:	0x0a1002f7	0x10effc0c	0x051014ff	0x10080b10
0x1c057680:	0x0a1002f7	0x01effc0c	0x0c1016ff	0xfb0a0b10
0x1c057690:	0x0a1002f7	0x10effc0c	0x0e1014ff	0xfa0a0b10
0x1c0576a0:	0x08100205	0x08effc0c	0x071014ff	0xfb0a0b10
0x1c0576b0:	0x0a1002ff	0x08eefc0c	0x0d1012ff	0xfb0a0b10
0x1c0576c0:	0x0a1002f7	0x10ef180c	0x0d0212ff	0xfb0a0b10
0x1c0576d0:	0x081006f7	0x01effc0c	0xff1014ff	0xfb0a0b10
0x1c0576e0:	0x0a1002f7	0x01ef180c	0xff1012ff	0x10080b10
0x1c0576f0:	0x0a1002f7	0x10effc0c	0xfd1012ff	0x180a0b10
0x1c057700:	0xfb1002f7	0x10ef180c	0xff1014ff	0xfb0a0b10
0x1c057710:	0x0a1002f7	0x01effc0c	0xfe1014ff	0xfb080b10
0x1c057720:	0x0a1006f7	0x10ef180c	0xff101610	0xfb080b10
0x1c057730:	0x0a1002f7	0x08effc0c	0x0cfb12ff	0xfb080b10
0x1c057740:	0x08100205	0x01effc0c	0x061014ff	0xfb080b10
0x1c057750:	0x0a1002f7	0x10ef180c	0xff1014ff	0xfb080b10
0x1c057760:	0x081002f7	0x10ee180c	0x0d1014ff	0xfb080b10
0x1c057770:	0x0a1002f7	0x10effc0c	0xfdf314ff	0xfa0a0b10
0x1c057780:	0x081002f7	0x10effc0c	0x0e10140c	0xfb0a0b10
0x1c057790:	0x0a1006ff	0x10effc0c	0x0c1014ff	0xfb0a0b10
0x1c0577a0:	0x0a1002f7	0x01effc0c	0x0610140c	0x100a0b10
0x1c0577b0:	0x0a1002f7	0x01effc04	0x071014ff	0xfb080b10
0x1c0577c0:	0x0a100205	0x10effc0c	0x0c1014ff	0xfb0a0b10
0x1c0577d0:	0x0a1002ff	0x01effc0c	0x0c10140c	0x100a0b10
0x1c0577e0:	0x0a1002f7	0x10ef180c	0x071012ff	0xfb080b10
0x1c0577f0:	0x0a1002f7	0x01ef180c	0x0c1014ff	0xfb0a0b10
0x1c057800:	0x0a1002f7	0x01ef180c	0x0cf312ff	0x100a0b10
0x1c057810:	0x081002f7	0x08ef180c	0x0cf316ff	0xfb080b10
0x1c057820:	0xfb1002f7	0x10ef180c	0x0cf71210	0x100a0b10
0x1c057830:	0x0a1006ff	0x01effc0c	0xfd1014ff	0xfb080b10
0x1c057840:	0x081002f7	0x10effc0c	0x0e1014ff	0xfb0a0b10
0x1c057850:	0x0a1002f7	0x10ef180c	0x14101610	0x0a080b10
0x1c057860:	0x0a1002f7	0x08ef180c	0x0c1014ff	0x180a0b10
0x1c057870:	0x0a1010f7	0x10ef180c	0x051012fe	0xfb080b10
0x1c057880:	0x08100205	0x10effc0c	0x141014ff	0xfb080b10
0x1c057890:	0x0a1002f7	0x10ef180c	0xff1014ff	0xfb080b10
0x1c0578a0:	0x0a1002f7	0x01effc0c	0x0c1014ff	0x100a0b10
0x1c0578b0:	0x0a1002f7	0x10effc0c	0xff1012ff	0xfb0a0b10
0x1c0578c0:	0x081002f7	0x10ef180c	0x0d1014ff	0xfb0a0b10
0x1c0578d0:	0x0a1002f7	0x01effc0c	0x071012ff	0xfb0a0b10
0x1c0578e0:	0x081002f7	0x01effc0c	0xfdfa12ff	0xfb0a0b10
0x1c0578f0:	0x0a1002ff	0x10ef180c	0x0c1014ff	0xfb0a0b10
0x1c057900:	0x0a1002f7	0x10effc0c	0x14f314fe	0x100a0b10
0x1c057910:	0x0a1006f7	0x01effc0c	0x0d101606	0x100a0b10
0x1c057920:	0x0a1002f7	0x10effc0c	0x0c1012ff	0x100a0b10
0x1c057930:	0x081002ff	0x08effc0c	0xf71010ff	0xfb080b10
0x1c057940:	0x081006ff	0x01ef180c	0xfe10120c	0x10080910
0x1c057950:	0x0a1002f7	0x10effc0c	0x14f314ff	0xfb080b10
0x1c057960:	0x0a1002f7	0x10effc0c	0x0c1014ff	0x180a0b10
0x1c057970:	0x0a100205	0x10effc0c	0xff1016ff	0x100a0b10
0x1c057980:	0x0a1002f7	0x10effc0c	0x1410160c	0xfb0a0b10
0x1c057990:	0x0a1002f7	0x10ef0c0c	0x0c1014ff	0x18080b10
0x1c0579a0:	0x0a1002ff	0x01effc0c	0xff1014ff	0x100a0b10
0x1c0579b0:	0x0a1002f7	0x10effc0c	0x0c1016f7	0xfb0a0b10
0x1c0579c0:	0x0a1002f7	0x10ef180c	0xfe1014ff	0x10080b10
0x1c0579d0:	0xef100207	0x10effc0c	0x0cf314ff	0xfb0a0b10
0x1c0579e0:	0x0a1010f7	0x08effc0c	0x0cfb14ff	0xfb080b10
0x1c0579f0:	0x0a1002f7	0x10effc0c	0xfd1014fe	0xf90a0b10
0x1c057a00:	0x0a1002f7	0x10ef180c	0xfdf714ff	0xfb0a0b10
0x1c057a10:	0x081002ff	0x08ef180c	0xfef312ff	0xfb0a0b10
0x1c057a20:	0x0a1002f7	0x10effc0c	0x0df3160c	0x10080b10
0x1c057a30:	0x0a1002f7	0x10effc0c	0xfffb1410	0xfb080b10
0x1c057a40:	0x0a1002f7	0x08effc0c	0x140312ff	0xfb080b10
0x1c057a50:	0x0a1002ff	0x10ef180c	0x0c1016ff	0x180a0b10
0x1c057a60:	0x081002f7	0x08ef180c	0xfff3140c	0xfb0a0b10
0x1c057a70:	0x0a1002f7	0x10effc0c	0xff1012ff	0x100a0b10
0x1c057a80:	0x0a1002f7	0x10ef180c	0x071012ff	0xfb0a0b10
0x1c057a90:	0x0a1002f7	0x08effc0c	0x0d1014ff	0xfb0a0b10
0x1c057aa0:	0x0a1006f7	0x01effc0c	0xff1016ff	0xfb0a0b10
0x1c057ab0:	0x0a1002f7	0x10effc0c	0x0c1016fe	0x180a0b10
0x1c057ac0:	0x0a1002f7	0x10ef180c	0x14101210	0x100a0b10
0x1c057ad0:	0x081002ff	0x08effc0c	0x0cf7120c	0xfb0a0b10
0x1c057ae0:	0x0a1002f7	0x10effc0c	0xff1016ff	0x100a0b10
0x1c057af0:	0x081002f7	0x10effc0c	0x0c1014ff	0xfb0a0b10
0x1c057b00:	0x0a1002ff	0x01effc0c	0x0c10140c	0xfb080b10
0x1c057b10:	0x0a1002f7	0x08effc0c	0x0cf712fe	0xfb0a0b10
0x1c057b20:	0x081002ff	0x10effc0c	0x0c1014ff	0xfb080910
0x1c057b30:	0x0a1002ff	0x10ef180c	0x14101210	0xfb080b10
0x1c057b40:	0x081002f7	0x10effc0c	0x0d1014ff	0xfa0a0b10
0x1c057b50:	0x081002ff	0x01effc0c	0x0cf314ff	0x10080910
0x1c057b60:	0x0a1002ff	0x08ef180c	0x141012ff	0xfb0a0b10
0x1c057b70:	0x0a1002ff	0x08ef180c	0xfff312ff	0xfb0a0b10
0x1c057b80:	0x081002f7	0x08effc0c	0x0e1014fe	0x100a0b10
0x1c057b90:	0x0a1002f7	0x01effc0c	0x0e1012ff	0x10080b10
0x1c057ba0:	0x0a1006ff	0x01ef180c	0x0c031610	0xfb080b10
0x1c057bb0:	0x0a1002f7	0x00effc0c	0x0cf314ff	0xfb0a0910
0x1c057bc0:	0x0a1002ff	0x10ef180c	0x141012ff	0xfb0a0b10
0x1c057bd0:	0xfb1002f7	0x10ef180c	0x0cf314fe	0xfb0a0b10
0x1c057be0:	0xef1002f7	0x08ef180c	0xfffb16ff	0xfa0a0b10
0x1c057bf0:	0x0a1002ff	0x08ef180c	0xfd101210	0xfb0a0b10
0x1c057c00:	0x0a1002ff	0x10effc0c	0x0d1014ff	0x100a0b10
0x1c057c10:	0xfb1002f7	0x08effc0c	0xff1014ff	0x180a0b10
0x1c057c20:	0xef1002f7	0x08effc0c	0x071014ff	0xfb080b10
0x1c057c30:	0x0a1006f7	0x01ef180c	0xfc1016fe	0x10080b10
0x1c057c40:	0x0a100207	0x01effc0c	0xf7f314ff	0xfb0a0b10
0x1c057c50:	0x081002ff	0x08effc0c	0x0c1012ff	0xfb0a0b10
0x1c057c60:	0x081002ff	0x08ef180c	0x0cf3140c	0xfb0a0b10
0x1c057c70:	0x0a1002f7	0x10effc0c	0x05f316ff	0xfa080b10
0x1c057c80:	0x0a100205	0x01effc0c	0x0df314ff	0x100a0910
0x1c057c90:	0x081002f7	0x10effc0c	0x141014ff	0xfb080b10
0x1c057ca0:	0x0a1002f7	0x08effc0c	0xfd1014ff	0xf9080910
0x1c057cb0:	0xff1002f7	0x08effc0c	0xff1014ff	0xfb0a0b10
0x1c057cc0:	0x081006ff	0x01effc0c	0x0d1012ff	0xfb080910
0x1c057cd0:	0x0a1002f7	0x01effc0c	0x0cfa14ff	0x18080b10
0x1c057ce0:	0x0a1002f7	0x01ef180c	0xfef312ff	0xfb0a0b10
0x1c057cf0:	0x081002f7	0x01effc0c	0x0d1012ff	0xfb080b10
0x1c057d00:	0x0a1002f7	0x10effc0c	0xfffb14ff	0xfb080b10
0x1c057d10:	0x0a1002f7	0x10ef180c	0x0d1014ff	0xf9080b10
0x1c057d20:	0xfb1002ff	0x08ef180c	0x0cf314ff	0xfb0a0b10
0x1c057d30:	0x081006f7	0x00effc0c	0x0d0314ff	0xfb080b10
0x1c057d40:	0x0a1002ff	0x10effc0c	0xfdf3120c	0xfb080b10
0x1c057d50:	0x081002f7	0x08ef180c	0xfc1014ff	0x100a0b10
0x1c057d60:	0xfb100205	0x08effc0c	0x0d1012ff	0xfb0a0910
0x1c057d70:	0x0a1006ff	0x01effc0c	0x1410120c	0x10080b10
0x1c057d80:	0x0a1002f7	0x08effc0c	0x0c1012ff	0x10080b10
0x1c057d90:	0x0a100205	0x10effc0c	0xff1012ff	0xfb0a0b10
0x1c057da0:	0x0a1002ff	0x08effc0c	0x0d10140c	0xfb080b10
0x1c057db0:	0x0a1002f7	0x00effc0c	0xfe1014ff	0xfb0a0b10
0x1c057dc0:	0x08100205	0x10ef180c	0x14f316ff	0xfa0a0b10
0x1c057dd0:	0x03100605	0x08effc0c	0xff1012ff	0xfb0a0b10
0x1c057de0:	0x0a1002f7	0x01effc0c	0x0d1014ff	0xfb0a0b10
0x1c057df0:	0xef1002f7	0x10effc0c	0x0c1016ff	0xfb080b10
0x1c057e00:	0xfb1002f7	0x01effc0c	0xff101608	0xfb0a0910
0x1c057e10:	0x081006ff	0x10effc0c	0x0cf314ff	0xfa080b10
0x1c057e20:	0x0a1002f7	0x01effc0c	0x0df314ff	0xfb0a0b10
0x1c057e30:	0x0a1002f7	0x10ef180c	0x141012ff	0xfb0a0b10
0x1c057e40:	0x0a100205	0x08eefc0c	0x0c1014ff	0xfb0a0b10
0x1c057e50:	0xff1006f7	0x01effc0c	0x0c1012ff	0xfa080b10
0x1c057e60:	0x081002ff	0x01effc0c	0x0cf3140c	0xfb0a0b10
0x1c057e70:	0x081002ff	0x08ef180c	0x0c1016ff	0xfa080b10
0x1c057e80:	0x0a1002ff	0x01effc0c	0x14021410	0xfb0a0b10
0x1c057e90:	0xfb1002ff	0x09effc0c	0x0d1012ff	0xfb080b10
0x1c057ea0:	0x081002f7	0x10effc0c	0x0d101410	0xfb0a0b10
0x1c057eb0:	0x0a100205	0x01effc0c	0x0d101410	0xfa080b10
0x1c057ec0:	0x0a1006f7	0x10effc0c	0x0d1012ff	0xfb0a0b10
0x1c057ed0:	0x081002ff	0x08effc0c	0xff1014ff	0xfb0a0b10
0x1c057ee0:	0x081002f7	0x08ef180c	0xfff714ff	0x100a0910
0x1c057ef0:	0x081002f7	0x08effc0c	0x0d1014ff	0xfb0a0b10
0x1c057f00:	0x0a1002f7	0x01effc0c	0x0d021410	0x100a0b10
0x1c057f10:	0x081006ff	0x10ef180c	0x051014ff	0xfb0a0b10
0x1c057f20:	0x031002f7	0x08effc04	0x0dfb12fe	0xfb080910
0x1c057f30:	0x0a1006ff	0x00effc0c	0x0cf712fe	0xfb080910
0x1c057f40:	0xff0806ff	0x00effc0c	0x04f312ff	0xfb080b10
0x1c057f50:	0x0a1002f7	0x01ef180c	0xfff312ff	0x0a080b10
0x1c057f60:	0x081002ff	0x01ef180c	0xfd1012ff	0xfb080b10
0x1c057f70:	0x081002f7	0x08effc0c	0x0cf314fe	0xfb080910
0x1c057f80:	0x081002ff	0x01effc0c	0x0c1014ff	0xfb0a0b10
0x1c057f90:	0x081002ff	0x01effc0c	0x0cfb12fe	0xfa080b10
0x1c057fa0:	0x081002f7	0x08effc0c	0x0cf314ff	0xfb080b10
0x1c057fb0:	0xff1002ff	0x01ef180c	0xfff712fe	0xfb080b10
0x1c057fc0:	0xff100205	0x01effc0c	0xfdf312ff	0xfb080910
0x1c057fd0:	0x081002f7	0x01ef180c	0xfd10120c	0x10080b10
0x1c057fe0:	0x081002ff	0x08ef180c	0x0c1012ff	0xfb080b10
0x1c057ff0:	0x0a1006f7	0x08effc0c	0xfff314ff	0xfb0a0b10
0x1c058000:	0x081002f7	0x01effc0c	0x0c0212ff	0xf9080b10
0x1c058010:	0x080802f7	0x10effc0c	0x0cfb14ff	0x10080b10
0x1c058020:	0x081002f7	0x01ef180c	0x0c0212ff	0xfb080b10
0x1c058030:	0x080802f7	0x01effc0c	0x0cf312ff	0x10080910
0x1c058040:	0x080802ff	0x00effc0c	0xfff71208	0x10080910
0x1c058050:	0x081002f7	0x01effc0c	0x07f312ff	0xfb080910
0x1c058060:	0x081002f7	0x08ef180c	0x0c0310ff	0xfb080b10
0x1c058070:	0xff1002f7	0x08effc0c	0x0df714ff	0x10080910
0x1c058080:	0x0a1002ff	0x08effc0c	0x141014ff	0xfb080910
0x1c058090:	0xfb100205	0x00ef180c	0x0d1012fe	0x10080b10
0x1c0580a0:	0x081006f7	0x01effc0c	0xfdf314fe	0xfb0a0b10
0x1c0580b0:	0xff1002f7	0x00effc0c	0xff1014ff	0xfb0a0910
0x1c0580c0:	0x081002f7	0x08ef180c	0x0cf312ff	0x0a080b10
0x1c0580d0:	0x081006f7	0x08ef180c	0x14f314ff	0xfb0a0910
0x1c0580e0:	0x081002ff	0x00ef180c	0xfdfa12ff	0x10020b10
0x1c0580f0:	0x081002f7	0x01ef180c	0x051012ff	0xfb080910
0x1c058100:	0x081002ff	0x01ef180c	0x0c0312ff	0x10080b10
0x1c058110:	0x081006ff	0x00ef180c	0xff1012ff	0xfb080910
0x1c058120:	0x081002ff	0x08effc0c	0x051012fe	0xfb080910
0x1c058130:	0xfb0802ff	0x00ef0c0c	0xfdfb0eff	0x08000908
