0x1c04e940:	0xeeeceeec	0xecececec	0xececeeec	0xececedec
0x1c04e950:	0xecececec	0xeeeceeec	0xecececec	0xecececec
0x1c04e960:	0xefececee	0xeeececec	0xececedec	0xecececec
0x1c04e970:	0xececeeec	0xecececec	0xecececec	0xecececec
0x1c04e980:	0xeeeceeec	0xecececec	0xeeeceeec	0xeeeceeec
0x1c04e990:	0xeeeceeec	0xecececec	0xececedec	0xecececec
0x1c04e9a0:	0xeeececec	0xeceeecec	0xeeecedec	0xeeececec
0x1c04e9b0:	0xeeeceeec	0xecececec	0xecececec	0xecececec
0x1c04e9c0:	0xeeeceeec	0xecececec	0xecececec	0xececeeec
0x1c04e9d0:	0xecececec	0xeeececec	0xecececec	0xecececec
0x1c04e9e0:	0xeeececee	0xeeeceeec	0xedeceeec	0xeeececec
0x1c04e9f0:	0xecececec	0xecececec	0xecececec	0xecececec
0x1c04ea00:	0xeeececec	0xececedec	0xececedec	0xecececec
0x1c04ea10:	0xececeeec	0xecececec	0xedecedec	0xecececed
0x1c04ea20:	0xeeeceeec	0xeeeceeec	0xedececec	0xecececec
0x1c04ea30:	0xedececec	0xecececec	0xeeececec	0xecececec
0x1c04ea40:	0xeeeceeec	0xedeceeec	0xededecec	0xeeecedec
0x1c04ea50:	0xecececec	0xecececec	0xecececec	0xecececec
0x1c04ea60:	0xeeececec	0xeeececec	0xecececec	0xecececec
0x1c04ea70:	0xeeececec	0xecececec	0xeeececec	0xececedec
0x1c04ea80:	0xefececec	0xeeeceeec	0xeeeeecec	0xecececec
0x1c04ea90:	0xecececec	0xecececec	0xececedec	0xecececec
0x1c04eaa0:	0xeeecedec	0xeeededec	0xeeeceeec	0xeeecedec
0x1c04eab0:	0xececeeec	0xecececec	0xececedec	0xecececec
0x1c04eac0:	0xeeececec	0xececeeed	0xeeecedec	0xececedec
0x1c04ead0:	0xecececec	0xecececec	0xecececec	0xedececec
0x1c04eae0:	0xeeececec	0xececedec	0xeeededec	0xececedec
0x1c04eaf0:	0xedecedec	0xecececec	0xecececec	0xecececec
0x1c04eb00:	0xeeeceded	0xedeceeec	0xedeceded	0xedececec
0x1c04eb10:	0xecececec	0xecececec	0xecececec	0xecececec
0x1c04eb20:	0xeeececec	0xececeeec	0xedededec	0xedecedec
0x1c04eb30:	0xecededec	0xecececec	0xecececec	0xecececec
