0x1c04e940:	0xf9f9f9fa	0xf8f9f9f8	0xf9f9f9f8	0xf9f9f9f9
0x1c04e950:	0xf9f9f9f9	0xf9f9fbf9	0xf8f8f9f8	0xf9f9f9f9
0x1c04e960:	0xfbf9f9fb	0xf9f9f9f8	0xf9f9f9f9	0xf9f9f9f9
0x1c04e970:	0xf9f9fbf8	0xf9f8f9f9	0xf9f9f9f8	0xf9f9f9f9
0x1c04e980:	0xf9f9fbf9	0xf9f9f9f9	0xfbf8fbf9	0xfaf9fbf9
0x1c04e990:	0xf9f9f9f9	0xf9faf9f9	0xf8f9f9f9	0xf9f9f9f9
0x1c04e9a0:	0xfbf9f9f9	0xfafbf9f9	0xfbf9f9f9	0xf9f9f9f9
0x1c04e9b0:	0xf9f9fbf9	0xf9faf9f9	0xf9f9f9fa	0xf9f9f8f9
0x1c04e9c0:	0xf9f9f9f9	0xf9f9f9f9	0xf9f9f9f9	0xf9f9f9f9
0x1c04e9d0:	0xfaf9f9f9	0xfbf9f9f9	0xf9f9f9f9	0xf9f8f9f9
0x1c04e9e0:	0xf9f9f9f9	0xfbf9f9f8	0xf9f9f9f9	0xfbf9f9f9
0x1c04e9f0:	0xf9f9f9f9	0xf9f9f9f9	0xf9f9f9f9	0xf9f9f9f9
0x1c04ea00:	0xf9f9f9f9	0xf9fafaf9	0xfaf8f9f9	0xf8f9f9fa
0x1c04ea10:	0xf9f9faf9	0xf9f9f9f9	0xfaf9faf9	0xf9faf9fa
0x1c04ea20:	0xf9f9f9f9	0xfaf9faf9	0xf9f8f9f9	0xf9f9f9fa
0x1c04ea30:	0xf9f9f9f9	0xf9f9f9f9	0xfbf9faf9	0xf9f9f9f9
0x1c04ea40:	0xfafaf9f9	0xfafaf9f9	0xfafafafa	0xfbf9f9f9
0x1c04ea50:	0xf9f9f9f9	0xf9f9f9f9	0xfaf9f9f9	0xfaf9f9f9
0x1c04ea60:	0xfaf9f9fa	0xf9f9f9f9	0xf9f9f9fa	0xf9f9f9f9
0x1c04ea70:	0xfbfafaf9	0xf9f9f9fa	0xfbf9f9f9	0xf9f9f9f9
0x1c04ea80:	0xfbf9f9f9	0xfaf9faf9	0xfbfbf9f9	0xf9f9f9fa
0x1c04ea90:	0xf9f9f9f9	0xf9f9f9f8	0xf9f8f9f9	0xf9f9f9f9
0x1c04eaa0:	0xfaf9f9f9	0xfafbfaf9	0xfafafaf9	0xfaf9faf9
0x1c04eab0:	0xf9f9fbf9	0xfaf9f9f9	0xf9f9faf9	0xf9f9f9f9
0x1c04eac0:	0xfaf9f9f9	0xfaf9faf9	0xf9f9faf9	0xf9f9faf9
0x1c04ead0:	0xf9f9f9f8	0xfaf9faf9	0xf9f9f9fa	0xfbf9f9f9
0x1c04eae0:	0xf9f9f9f9	0xf9f9f9fa	0xfafafafa	0xfaf9faf9
0x1c04eaf0:	0xfaf9faf9	0xfaf9f9f9	0xf9faf9f9	0xf9f8f9f9
0x1c04eb00:	0xf9f9f9fa	0xfaf9faf9	0xf9f9fafa	0xfaf9f9fa
0x1c04eb10:	0xfaf9f9f9	0xf9f9f9f9	0xf9f9f9f9	0xf9f9faf9
0x1c04eb20:	0xf9f9f9f9	0xfaf9faf9	0xf9faf9f9	0xf9f9faf9
0x1c04eb30:	0xf9faf9f9	0xf9f9f9f9	0xf9f9f9f9	0xf9f9f9f9
