0x1c04e940:	0xfbfbfcfc	0xfbfbfcfc	0xfbfcfcfc	0xfcfcfcfb
0x1c04e950:	0xfcfcfcfc	0xfcfbfcfb	0xfcfbfcfb	0xfcfcfcfb
0x1c04e960:	0xfcfcfbfc	0xfcfcfcfb	0xfbfcfcfb	0xfbfcfbfc
0x1c04e970:	0xfbfcfcfb	0xfcfbfbfc	0xfcfcfbfc	0xfcfcfbfc
0x1c04e980:	0xfcfbfcfc	0xfbfbfbfc	0xfcfbfcfb	0xfcfbfcfb
0x1c04e990:	0xfcfbfcfc	0xfbfcfbfc	0xfbfbfcfb	0xfbfbfbfc
0x1c04e9a0:	0xfcfcfbfb	0xfcfcfbfc	0xfcfbfcfc	0xfcfbfcfc
0x1c04e9b0:	0xfcfcfcfb	0xfcfcfcfc	0xfbfbfbfc	0xfcfcfcfc
0x1c04e9c0:	0xfcfcfcfb	0xfbfcfbfc	0xfbfbfcfb	0xfcfbfcfb
0x1c04e9d0:	0xfcfcfbfc	0xfcfbfbfb	0xfbfcfcfb	0xfcfbfbfb
0x1c04e9e0:	0xfcfcfbfc	0xfcfcfcfb	0xfcfcfcfc	0xfcfbfbfb
0x1c04e9f0:	0xfbfbfbfb	0xfbfcfbfb	0xfbfbfbfc	0xfbfcfbfb
0x1c04ea00:	0xfcfcfcfb	0xfcfcfcfc	0xfbfbfcfc	0xfbfbfbfc
0x1c04ea10:	0xfbfcfcfc	0xfbfbfbfc	0xfcfcfcfb	0xfcfcfcfc
0x1c04ea20:	0xfbfbfcfc	0xfcfbfcfb	0xfbfbfcfc	0xfbfbfbfc
0x1c04ea30:	0xfbfbfbfc	0xfcfcfbfc	0xfcfbfcfb	0xfcfbfbfb
0x1c04ea40:	0xfcfcfcfb	0xfcfcfcfb	0xfcfcfcfc	0xfcfbfcfc
0x1c04ea50:	0xfbfcfcfc	0xfbfbfbfc	0xfcfbfbfb	0xfcfcfcfb
0x1c04ea60:	0xfcfbfcfb	0xfcfcfbfb	0xfbfcfbfb	0xfbfbfbfb
0x1c04ea70:	0xfcfcfcfb	0xfbfcfcfc	0xfcfbfbfb	0xfbfbfcfc
0x1c04ea80:	0xfcfbfbfc	0xfcfbfcfb	0xfcfcfbfb	0xfbfbfbfc
0x1c04ea90:	0xfbfbfbfc	0xfbfbfbfb	0xfcfbfbfb	0xfcfcfbfb
0x1c04eaa0:	0xfcfbfbfc	0xfcfcfcfc	0xfcfcfcfb	0xfcfbfcfb
0x1c04eab0:	0xfbfcfcfc	0xfcfcfbfc	0xfbfbfcfb	0xfbfbfbfc
0x1c04eac0:	0xfcfbfcfc	0xfbfcfcfc	0xfcfbfcfc	0xfbfbfcfb
0x1c04ead0:	0xfcfcfbfb	0xfcfbfcfb	0xfbfbfbfb	0xfcfcfbfb
0x1c04eae0:	0xfcfbfbfb	0xfbfbfcfc	0xfcfcfbfb	0xfbfbfcfb
0x1c04eaf0:	0xfbfbfcfb	0xfcfcfbfb	0xfbfcfbfb	0xfcfbfbfc
0x1c04eb00:	0xfbfbfbfc	0xfbfbfcfb	0xfcfbfcfc	0xfcfcfbfb
0x1c04eb10:	0xfbfbfbfb	0xfbfbfbfb	0xfbfbfbfb	0xfbfbfcfc
0x1c04eb20:	0xfbfbfbfb	0xfcfbfcfb	0xfbfcfbfb	0xfbfbfcfb
0x1c04eb30:	0xfbfcfbfb	0xfbfbfbfb	0xfbfbfbfb	0xfbfbfbfc
