0.800000790816689,0.0002625889085499534,False
0.7999991941011775,0.000262481836107744,False
0.800000790816689,0.0002622676912233243,False
0.7999991941011775,0.00026280305343437307,False
0.7999991941011775,0.0002625889085499534,False
0.800000790816689,0.00026269598099216366,False
0.7999991941011775,0.00026291012587658334,False
0.7999991941011775,0.00026301719831879275,False
0.800000790816689,0.00026301719831879275,False
0.7999991941011775,0.000263124270761003,False
0.800000790816689,0.0002635525605298424,False
0.7999991941011775,0.0002633384156454227,False
0.800000790816689,0.0002634454880876321,False
0.7999991941011775,0.0002638737778564715,False
0.7999991941011775,0.0002633384156454227,False
0.800000790816689,0.00026323134320321243,False
0.7999991941011775,0.0002635525605298424,False
0.7999991941011775,0.0002634454880876321,False
0.7999991941011775,0.000263124270761003,False
0.800000790816689,0.0002636596329720518,False
0.800000790816689,0.0002635525605298424,False
0.7999991941011775,0.0002635525605298424,False
0.7999991941011775,0.0002637667054142621,False
0.800000790816689,0.0002637667054142621,False
0.7999991941011775,0.0002636596329720518,False
0.800000790816689,0.0002638737778564715,False
0.7999991941011775,0.0002638737778564715,False
0.7999991941011775,0.0002638737778564715,False
0.7999991941011775,0.00026408792274089116,False
0.800000790816689,0.00026419499518310057,False
0.7999991941011775,0.00026398085029868176,False
0.800000790816689,0.00026398085029868176,False
0.7999991941011775,0.00026419499518310057,False
0.7999991941011775,0.00026398085029868176,False
0.800000790816689,0.00026408792274089116,False
0.7999991941011775,0.00026440914006752025,False
0.800000790816689,0.00026419499518310057,False
0.7999991941011775,0.00026419499518310057,False
0.800000790816689,0.00026462328495193994,False
0.7999991941011775,0.00026440914006752025,False
0.7999991941011775,0.00026440914006752025,False
0.7999991941011775,0.00026462328495193994,False
0.800000790816689,0.00026462328495193994,False
0.7999991941011775,0.00026451621250973053,False
0.800000790816689,0.00026462328495193994,False
0.7999991941011775,0.0002649445022785699,False
0.7999991941011775,0.0002649445022785699,False
0.800000790816689,0.00026462328495193994,False
0.7999991941011775,0.0002648374298363596,False
0.7999991941011775,0.0002649445022785699,False
0.800000790816689,0.0002648374298363596,False
0.7999991941011775,0.0002650515747207793,False
0.800000790816689,0.0002650515747207793,False
0.7999991941011775,0.000265265719605199,False
0.7999991941011775,0.0002650515747207793,False
0.800000790816689,0.0002650515747207793,False
0.7999991941011775,0.000265265719605199,False
0.800000790816689,0.000265265719605199,False
0.7999991941011775,0.0002651586471629896,False
0.7999991941011775,0.0002650515747207793,False
0.800000790816689,0.00026558693693182894,False
0.7999991941011775,0.00026547986448961867,False
0.7999991941011775,0.000265265719605199,False
0.800000790816689,0.00026558693693182894,False
0.7999991941011775,0.00026558693693182894,False
0.7999991941011775,0.00026558693693182894,False
0.800000790816689,0.00026547986448961867,False
0.7999991941011775,0.00026558693693182894,False
0.7999991941011775,0.00026580108181624776,False
0.800000790816689,0.00026569400937403835,False
0.800000790816689,0.00026558693693182894,False
0.7999991941011775,0.00026601522670066744,False
0.7999991941011775,0.00026580108181624776,False
0.7999991941011775,0.00026569400937403835,False
0.800000790816689,0.00026569400937403835,False
0.7999991941011775,0.00026580108181624776,False
0.800000790816689,0.0002661222991428777,False
0.7999991941011775,0.00026590815425845803,False
0.800000790816689,0.00026580108181624776,False
0.7999991941011775,0.00026590815425845803,False
0.800000790816689,0.00026601522670066744,False
0.7999975973856659,0.0002661222991428777,False
0.800000790816689,0.0002661222991428777,False
0.7999991941011775,0.00026590815425845803,False
0.7999991941011775,0.0002662293715850871,False
0.800000790816689,0.0002663364440272974,False
0.800000790816689,0.0002662293715850871,False
0.7999991941011775,0.0002662293715850871,False
0.7999991941011775,0.0002663364440272974,False
0.800000790816689,0.0002664435164695068,False
0.7999991941011775,0.0002663364440272974,False
0.7999991941011775,0.0002664435164695068,False
0.7999991941011775,0.0002663364440272974,False
0.800000790816689,0.00026676473379613676,False
0.7999991941011775,0.0002666576613539265,False
0.800000790816689,0.0002665505889117171,False
0.7999991941011775,0.0002666576613539265,False
0.800000790816689,0.0002665505889117171,False
0.7999991941011775,0.0002665505889117171,False
0.7999991941011775,0.00026687180623834617,False
0.800000790816689,0.0002665505889117171,False
0.7999991941011775,0.0002665505889117171,False
0.7999991941011775,0.00026687180623834617,False
0.800000790816689,0.00026687180623834617,False
0.7999991941011775,0.00026697887868055645,False
0.800000790816689,0.0002666576613539265,False
0.7999991941011775,0.00026708595112276586,False
0.800000790816689,0.00026708595112276586,False
0.7999991941011775,0.00026676473379613676,False
0.7999991941011775,0.00026697887868055645,False
0.7999991941011775,0.00026708595112276586,False
0.800000790816689,0.00026730009600718554,False
0.7999991941011775,0.00026740716844939495,False
0.800000790816689,0.00026708595112276586,False
0.800000790816689,0.00026719302356497613,False
0.7999975973856659,0.00026719302356497613,False
0.7999991941011775,0.00026740716844939495,False
0.800000790816689,0.00026730009600718554,False
0.800000790816689,0.00026719302356497613,False
0.7999991941011775,0.00026730009600718554,False
0.800000790816689,0.0002675142408916052,False
0.7999991941011775,0.0002675142408916052,False
0.7999991941011775,0.00026719302356497613,False
0.7999991941011775,0.00026730009600718554,False
0.800000790816689,0.0002675142408916052,False
0.7999991941011775,0.0002677283857760249,False
0.800000790816689,0.00026740716844939495,False
0.7999991941011775,0.0002675142408916052,False
0.7999991941011775,0.0002677283857760249,False
0.800000790816689,0.0002678354582182343,False
0.7999991941011775,0.0002675142408916052,False
0.7999991941011775,0.0002675142408916052,False
0.800000790816689,0.00026762131333381463,False
0.7999991941011775,0.0002677283857760249,False
0.800000790816689,0.0002678354582182343,False
0.7999991941011775,0.0002678354582182343,False
0.7999991941011775,0.00026762131333381463,False
0.800000790816689,0.0002677283857760249,False
0.7999991941011775,0.0002678354582182343,False
0.800000790816689,0.0002678354582182343,False
0.7999991941011775,0.0002677283857760249,False
0.7999991941011775,0.0002677283857760249,False
0.800000790816689,0.00026762131333381463,False
0.7999991941011775,0.0002679425306604437,False
0.7999991941011775,0.0002681566755448634,False
0.800000790816689,0.0002679425306604437,False
0.7999991941011775,0.0002679425306604437,False
0.7999991941011775,0.0002677283857760249,False
0.800000790816689,0.0002679425306604437,False
0.7999991941011775,0.0002681566755448634,False
0.800000790816689,0.0002679425306604437,False
0.7999991941011775,0.0002679425306604437,False
0.7999991941011775,0.0002679425306604437,False
0.800000790816689,0.0002682637479870737,False
0.7999991941011775,0.0002681566755448634,False
0.800000790816689,0.0002681566755448634,False
0.7999991941011775,0.0002681566755448634,False
0.7999991941011775,0.000268049603102654,False
0.800000790816689,0.000268049603102654,False
0.7999991941011775,0.0002681566755448634,False
0.800000790816689,0.00026847789287149336,False
0.7999991941011775,0.00026847789287149336,False
0.7999991941011775,0.0002682637479870737,False
0.7999991941011775,0.0002681566755448634,False
0.800000790816689,0.0002681566755448634,False
0.7999991941011775,0.00026837082042928395,False
0.800000790816689,0.00026847789287149336,False
0.800000790816689,0.0002682637479870737,False
0.7999975973856659,0.00026837082042928395,False
0.800000790816689,0.0002681566755448634,False
0.7999991941011775,0.0002681566755448634,False
0.800000790816689,0.00026847789287149336,False
0.7999991941011775,0.0002687991101981233,False
0.800000790816689,0.0002689061826403327,False
0.7999991941011775,0.00026901325508254213,False
0.7999991941011775,0.0002687991101981233,False
0.800000790816689,0.00026869203775591304,False
0.7999991941011775,0.0002687991101981233,False
0.7999991941011775,0.0002687991101981233,False
0.7999991941011775,0.0002689061826403327,False
0.800000790816689,0.00026869203775591304,False
0.7999991941011775,0.00026869203775591304,False
0.800000790816689,0.0002687991101981233,False
0.7999991941011775,0.00026869203775591304,False
0.7999991941011775,0.0002689061826403327,False
0.7999975973856659,0.0002713688488111578,False
0.8000023875322005,0.0011161436497359963,False
0.7999991941011775,0.0006939837782132733,False
0.7999991941011775,0.0006941979230976926,False
0.800000790816689,0.0006944120679821123,False
0.7999991941011775,0.0006944120679821123,False
0.7999991941011775,0.0006944120679821123,False
0.7999991941011775,0.0006945191404243221,False
0.800000790816689,0.000694626212866532,False
0.7999991941011775,0.0006949474301931611,False
0.800000790816689,0.000714541687117556,False
0.7999991941011775,0.0006981596034594554,False
0.800000790816689,0.0006983737483438751,False
0.7999991941011775,0.0006983737483438751,False
0.7999991941011775,0.0006983737483438751,False
0.800000790816689,0.000698480820786085,False
0.7999991941011775,0.0006985878932282948,False
0.800000790816689,0.0006989091105549243,False
0.7999991941011775,0.0006986949656705046,False
0.7999991941011775,0.0006988020381127145,False
0.800000790816689,0.000699123255439344,False
0.7999991941011775,0.0006990161829971337,False
0.800000790816689,0.0006990161829971337,False
0.7999991941011775,0.0006994444727659731,False
0.7999991941011775,0.0006990161829971337,False
0.800000790816689,0.0006992303278815534,False
0.7999991941011775,0.0006993374003237637,False
0.800000790816689,0.0006993374003237637,False
0.7999991941011775,0.0006994444727659731,False
0.7999991941011775,0.0006992303278815534,False
0.800000790816689,0.0006995515452081829,False
0.7999991941011775,0.0006995515452081829,False
0.7999991941011775,0.0006997656900926026,False
0.7999991941011775,0.0006997656900926026,False
0.800000790816689,0.0006998727625348129,False
0.7999991941011775,0.0006998727625348129,False
0.800000790816689,0.0006999798349770223,False
0.7999991941011775,0.000700193979861442,False
0.800000790816689,0.000700193979861442,False
0.7999991941011775,0.0007004081247458617,False
0.7999991941011775,0.000700193979861442,False
0.7999991941011775,0.0007003010523036518,False
0.800000790816689,0.0007004081247458617,False
0.800000790816689,0.0007003010523036518,False
0.7999991941011775,0.0007005151971880715,False
0.7999991941011775,0.0007005151971880715,False
0.800000790816689,0.0007004081247458617,False
0.7999991941011775,0.0007005151971880715,False
0.7999991941011775,0.0007006222696302809,False
0.800000790816689,0.0007008364145147006,False
0.7999991941011775,0.0007178609328260606,False
0.800000790816689,0.0007007293420724912,False
0.7999991941011775,0.0007006222696302809,False
0.7999991941011775,0.0007006222696302809,False
0.800000790816689,0.0007009434869569109,False
0.7999991941011775,0.0007010505593991203,False
0.7999991941011775,0.0007008364145147006,False
0.800000790816689,0.0007008364145147006,False
0.7999991941011775,0.0007007293420724912,False
0.800000790816689,0.0007009434869569109,False
0.7999991941011775,0.0007011576318413301,False
0.7999991941011775,0.0007010505593991203,False
0.800000790816689,0.00070126470428354,False
0.7999991941011775,0.0007010505593991203,False
0.7999991941011775,0.0007010505593991203,False
0.800000790816689,0.0007011576318413301,False
0.7999991941011775,0.00070126470428354,False
0.800000790816689,0.00070126470428354,False
0.7999991941011775,0.0007014788491679592,False
0.7999991941011775,0.0007013717767257498,False
0.7999991941011775,0.00070126470428354,False
0.800000790816689,0.0007016929940523789,False
0.7999991941011775,0.00070126470428354,False
0.800000790816689,0.0007016929940523789,False
0.7999991941011775,0.0007016929940523789,False
0.7999991941011775,0.0007015859216101695,False
0.800000790816689,0.0007016929940523789,False
0.7999991941011775,0.0007016929940523789,False
0.800000790816689,0.0007018000664945892,False
0.7999991941011775,0.0007015859216101695,False
0.800000790816689,0.0007018000664945892,False
0.7999991941011775,0.0007019071389367986,False
0.7999991941011775,0.0007016929940523789,False
0.800000790816689,0.0007020142113790089,False
0.7999991941011775,0.0007019071389367986,False
0.800000790816689,0.0007018000664945892,False
0.7999991941011775,0.0007019071389367986,False
0.7999991941011775,0.0007018000664945892,False
0.7999991941011775,0.0007020142113790089,False
0.7999991941011775,0.0007193599470169975,False
0.800000790816689,0.0007021212838212187,False
0.800000790816689,0.0007022283562634281,False
0.7999991941011775,0.0007023354287056384,False
0.800000790816689,0.0007021212838212187,False
0.7999991941011775,0.0007023354287056384,False
0.7999991941011775,0.0007023354287056384,False
0.800000790816689,0.0007023354287056384,False
0.7999991941011775,0.0007023354287056384,False
0.7999991941011775,0.0007022283562634281,False
0.800000790816689,0.0007026566460322675,False
0.7999991941011775,0.0007023354287056384,False
0.800000790816689,0.0007024425011478478,False
0.7999991941011775,0.0007023354287056384,False
0.7999991941011775,0.0007024425011478478,False
0.7999991941011775,0.0007026566460322675,False
0.8000023875322005,0.0007026566460322675,False
0.7999991941011775,0.0007027637184744773,False
0.7999991941011775,0.0007027637184744773,False
0.7999991941011775,0.0007026566460322675,False
0.800000790816689,0.0007026566460322675,False
0.7999975973856659,0.0007026566460322675,False
0.800000790816689,0.0007026566460322675,False
0.7999991941011775,0.0007028707909166871,False
0.800000790816689,0.0007026566460322675,False
0.800000790816689,0.0007028707909166871,False
0.7999991941011775,0.0007028707909166871,False
0.7999991941011775,0.0007028707909166871,False
0.7999991941011775,0.0007027637184744773,False
0.7999991941011775,0.0007027637184744773,False
0.800000790816689,0.0007030849358011064,False
0.800000790816689,0.0007028707909166871,False
0.7999991941011775,0.000702977863358897,False
0.7999991941011775,0.0007028707909166871,False
0.7999991941011775,0.0007032990806855261,False
0.800000790816689,0.0007030849358011064,False
0.7999991941011775,0.0007031920082433167,False
0.800000790816689,0.0007032990806855261,False
0.7999991941011775,0.0007032990806855261,False
0.800000790816689,0.0007034061531277364,False
0.7999991941011775,0.0007205377438813058,False
0.7999991941011775,0.0007035132255699458,False
0.7999991941011775,0.0007034061531277364,False
0.800000790816689,0.0007035132255699458,False
0.7999991941011775,0.0007034061531277364,False
0.800000790816689,0.000703620298012156,False
0.7999991941011775,0.0007035132255699458,False
0.800000790816689,0.0007034061531277364,False
0.7999991941011775,0.0007035132255699458,False
0.7999991941011775,0.0007034061531277364,False
0.800000790816689,0.000703620298012156,False
0.7999991941011775,0.0007035132255699458,False
0.800000790816689,0.0007037273704543654,False
0.7999991941011775,0.0007037273704543654,False
0.7999991941011775,0.0007034061531277364,False
0.800000790816689,0.000703620298012156,False
0.7999991941011775,0.0007034061531277364,False
0.800000790816689,0.000703620298012156,False
0.7999991941011775,0.0007035132255699458,False
0.7999991941011775,0.0007034061531277364,False
0.800000790816689,0.0007035132255699458,False
0.7999991941011775,0.0007035132255699458,False
0.7999991941011775,0.000703620298012156,False
0.7999991941011775,0.000703620298012156,False
0.800000790816689,0.0007037273704543654,False
0.7999991941011775,0.0007037273704543654,False
0.800000790816689,0.000703620298012156,False
0.800000790816689,0.0007037273704543654,False
0.7999991941011775,0.0007038344428965753,False
0.7999991941011775,0.0007038344428965753,False
0.7999991941011775,0.000703620298012156,False
0.800000790816689,0.0007041556602232044,False
0.7999991941011775,0.000703620298012156,False
0.800000790816689,0.0007039415153387851,False
0.7999991941011775,0.0007038344428965753,False
0.7999991941011775,0.000704048587780995,False
0.7999991941011775,0.0007039415153387851,False
0.800000790816689,0.0007211801785345644,False
0.7999991941011775,0.0007041556602232044,False
0.800000790816689,0.0007042627326654147,False
0.7999991941011775,0.0007041556602232044,False
0.800000790816689,0.0007044768775498343,False
0.7999975973856659,0.0007042627326654147,False
0.800000790816689,0.0007042627326654147,False
0.800000790816689,0.0007043698051076245,False
0.7999991941011775,0.0007042627326654147,False
0.7999991941011775,0.0007043698051076245,False
0.800000790816689,0.0007043698051076245,False
0.7999991941011775,0.0007044768775498343,False
0.7999991941011775,0.0007044768775498343,False
0.800000790816689,0.0007043698051076245,False
0.800000790816689,0.0007045839499920442,False
0.7999975973856659,0.0007044768775498343,False
0.800000790816689,0.0007045839499920442,False
0.7999991941011775,0.0007044768775498343,False
0.800000790816689,0.0007042627326654147,False
0.7999991941011775,0.0007043698051076245,False
0.7999991941011775,0.0007044768775498343,False
0.800000790816689,0.0007042627326654147,False
0.7999991941011775,0.0007041556602232044,False
0.800000790816689,0.0007044768775498343,False
0.7999991941011775,0.0007044768775498343,False
0.7999991941011775,0.0007043698051076245,False
0.800000790816689,0.0007043698051076245,False
0.7999991941011775,0.0007044768775498343,False
0.800000790816689,0.0007043698051076245,False
0.7999991941011775,0.0007044768775498343,False
0.800000790816689,0.0007044768775498343,False
0.7999991941011775,0.0007047980948764639,False
0.7999991941011775,0.0007044768775498343,False
0.7999991941011775,0.000704691022434254,False
0.800000790816689,0.0007047980948764639,False
0.7999991941011775,0.0007044768775498343,False
0.800000790816689,0.0007047980948764639,False
0.7999991941011775,0.0007045839499920442,False
0.800000790816689,0.0007047980948764639,False
0.7999991941011775,0.0007219296856300333,False
0.7999991941011775,0.000705119312203093,False
0.800000790816689,0.0007052263846453032,False
0.7999991941011775,0.0007052263846453032,False
0.7999991941011775,0.0007052263846453032,False
0.7999991941011775,0.000705119312203093,False
0.800000790816689,0.0007053334570875126,False
0.7999991941011775,0.0007052263846453032,False
0.7999991941011775,0.0007052263846453032,False
0.800000790816689,0.0007052263846453032,False
0.800000790816689,0.0007053334570875126,False
0.7999991941011775,0.0007052263846453032,False
0.7999991941011775,0.000705119312203093,False
0.800000790816689,0.0007052263846453032,False
0.7999991941011775,0.000705119312203093,False
0.800000790816689,0.0007053334570875126,False
0.7999991941011775,0.0007053334570875126,False
0.7999991941011775,0.000705119312203093,False
0.800000790816689,0.0007050122397608835,False
0.7999991941011775,0.0007052263846453032,False
0.800000790816689,0.0007050122397608835,False
0.7999991941011775,0.000705119312203093,False
0.7999991941011775,0.000705119312203093,False
0.7999991941011775,0.0007052263846453032,False
0.800000790816689,0.0007053334570875126,False
0.7999991941011775,0.0007050122397608835,False
0.800000790816689,0.0007052263846453032,False
0.7999991941011775,0.0007052263846453032,False
0.7999991941011775,0.000705119312203093,False
0.800000790816689,0.000705119312203093,False
0.7999991941011775,0.0007052263846453032,False
0.800000790816689,0.0007052263846453032,False
0.7999991941011775,0.0007053334570875126,False
0.7999991941011775,0.000705119312203093,False
0.800000790816689,0.0007053334570875126,False
0.7999991941011775,0.0007054405295297225,False
0.7999991941011775,0.0007055476019719323,False
0.800000790816689,0.0007222509029566624,False
0.7999991941011775,0.0007060829641829815,False
0.800000790816689,0.0007061900366251909,False
0.7999991941011775,0.0007060829641829815,False
0.800000790816689,0.0007060829641829815,False
0.7999975973856659,0.0007060829641829815,False
0.800000790816689,0.0007059758917407712,False
0.800000790816689,0.0007059758917407712,False
0.7999991941011775,0.0007058688192985618,False
0.7999991941011775,0.0007061900366251909,False
0.800000790816689,0.0007061900366251909,False
0.7999991941011775,0.0007060829641829815,False
0.7999991941011775,0.0007059758917407712,False
0.800000790816689,0.0007060829641829815,False
0.7999991941011775,0.0007060829641829815,False
0.7999991941011775,0.0007062971090674012,False
0.800000790816689,0.0007061900366251909,False
0.800000790816689,0.0007060829641829815,False
0.7999975973856659,0.0007057617468563516,False
0.800000790816689,0.0007059758917407712,False
0.7999991941011775,0.0007058688192985618,False
0.800000790816689,0.0007059758917407712,False
0.7999991941011775,0.0007058688192985618,False
0.800000790816689,0.0007059758917407712,False
0.7999991941011775,0.0007058688192985618,False
0.7999991941011775,0.0007058688192985618,False
0.7999991941011775,0.0007060829641829815,False
0.800000790816689,0.0007060829641829815,False
0.800000790816689,0.0007062971090674012,False
0.7999991941011775,0.0007061900366251909,False
0.7999991941011775,0.0007060829641829815,False
0.7999991941011775,0.0007060829641829815,False
0.800000790816689,0.0007060829641829815,False
0.7999991941011775,0.0007060829641829815,False
0.800000790816689,0.0007061900366251909,False
0.7999991941011775,0.0007062971090674012,False
0.800000790816689,0.0007065112539518205,False
0.7999991941011775,0.000706404181509611,False
0.7999848236615734,0.0007236428447053899,False
0.800015161256293,0.0007062971090674012,False
0.7999991941011775,0.000706404181509611,False
0.800000790816689,0.0007066183263940307,False
0.7999991941011775,0.0007065112539518205,False
0.7999991941011775,0.000706404181509611,False
0.7999991941011775,0.0007066183263940307,False
0.800000790816689,0.0007067253988362401,False
0.7999991941011775,0.0007065112539518205,False
0.800000790816689,0.0007067253988362401,False
0.7999991941011775,0.0007066183263940307,False
0.7999991941011775,0.0007066183263940307,False
0.800000790816689,0.0007066183263940307,False
0.7999991941011775,0.0007065112539518205,False
0.800000790816689,0.0007066183263940307,False
0.7999991941011775,0.0007065112539518205,False
0.7999991941011775,0.0007067253988362401,False
0.800000790816689,0.0007066183263940307,False
0.7999991941011775,0.0007066183263940307,False
0.800000790816689,0.0007065112539518205,False
0.7999991941011775,0.000706404181509611,False
0.7999991941011775,0.0007062971090674012,False
0.7999991941011775,0.0007065112539518205,False
0.800000790816689,0.0007065112539518205,False
0.7999991941011775,0.0007065112539518205,False
0.800000790816689,0.0007067253988362401,False
0.7999991941011775,0.0007066183263940307,False
0.800000790816689,0.0007066183263940307,False
0.7999991941011775,0.0007066183263940307,False
0.7999991941011775,0.0007067253988362401,False
0.7999991941011775,0.0007067253988362401,False
0.800000790816689,0.0007067253988362401,False
0.7999991941011775,0.0007067253988362401,False
0.800000790816689,0.0007069395437206598,False
0.7999991941011775,0.0007068324712784504,False
0.7999991941011775,0.0007069395437206598,False
0.7999991941011775,0.0007067253988362401,False
0.800000790816689,0.0007069395437206598,False
0.7999991941011775,0.0007069395437206598,False
0.800000790816689,0.0007069395437206598,False
0.7999991941011775,0.0007240711344742292,False
0.800000790816689,0.0007070466161628697,False
0.7999991941011775,0.0007071536886050795,False
0.7999991941011775,0.0007070466161628697,False
0.800000790816689,0.0007069395437206598,False
0.800000790816689,0.0007071536886050795,False
0.7999991941011775,0.0007071536886050795,False
0.7999991941011775,0.0007071536886050795,False
0.7999991941011775,0.0007072607610472893,False
0.800000790816689,0.0007072607610472893,False
0.7999991941011775,0.0007072607610472893,False
0.800000790816689,0.0007072607610472893,False
0.7999991941011775,0.0007071536886050795,False
0.7999991941011775,0.0007072607610472893,False
0.7999991941011775,0.0007070466161628697,False
0.800000790816689,0.0007069395437206598,False
0.800000790816689,0.0007071536886050795,False
0.7999991941011775,0.0007068324712784504,False
0.7999991941011775,0.0007069395437206598,False
0.7999991941011775,0.0007069395437206598,False
0.800000790816689,0.0007069395437206598,False
0.7999991941011775,0.0007068324712784504,False
0.800000790816689,0.0007068324712784504,False
0.7999991941011775,0.0007070466161628697,False
0.800000790816689,0.0007069395437206598,False
0.7999991941011775,0.0007069395437206598,False
0.7999991941011775,0.0007069395437206598,False
0.800000790816689,0.0007071536886050795,False
0.7999991941011775,0.0007069395437206598,False
0.7999991941011775,0.0007069395437206598,False
0.7999991941011775,0.0007070466161628697,False
0.800000790816689,0.0007070466161628697,False
0.7999991941011775,0.0007069395437206598,False
0.800000790816689,0.0007070466161628697,False
0.7999991941011775,0.0007071536886050795,False
0.800000790816689,0.0007071536886050795,False
0.7999991941011775,0.0007072607610472893,False
0.7999991941011775,0.0007072607610472893,False
0.7999832269460618,0.0007232145549365509,False
0.8000167579718045,0.000708545630353807,False
0.800000790816689,0.0007073678334894988,False
0.7999991941011775,0.0007073678334894988,False
0.7999991941011775,0.000707474905931709,False
0.800000790816689,0.0007075819783739184,False
0.7999991941011775,0.0007075819783739184,False
0.7999991941011775,0.0007076890508161287,False
0.800000790816689,0.000707474905931709,False
0.7999991941011775,0.0007075819783739184,False
0.800000790816689,0.0007076890508161287,False
0.7999991941011775,0.0007077961232583381,False
0.7999991941011775,0.0007076890508161287,False
0.800000790816689,0.0007075819783739184,False
0.7999991941011775,0.000707474905931709,False
0.800000790816689,0.0007076890508161287,False
0.7999991941011775,0.0007075819783739184,False
0.7999991941011775,0.0007075819783739184,False
0.800000790816689,0.0007077961232583381,False
0.7999991941011775,0.0007072607610472893,False
0.7999991941011775,0.0007071536886050795,False
0.800000790816689,0.0007073678334894988,False
0.7999991941011775,0.0007070466161628697,False
0.800000790816689,0.0007073678334894988,False
0.7999991941011775,0.000707474905931709,False
0.7999991941011775,0.0007073678334894988,False
0.800000790816689,0.0007073678334894988,False
0.7999991941011775,0.000707474905931709,False
0.7999991941011775,0.000707474905931709,False
0.800000790816689,0.000707474905931709,False
0.800000790816689,0.0007073678334894988,False
0.7999991941011775,0.0007075819783739184,False
0.7999991941011775,0.0007075819783739184,False
0.7999991941011775,0.0007073678334894988,False
0.800000790816689,0.0007075819783739184,False
0.7999991941011775,0.000707474905931709,False
0.800000790816689,0.0007077961232583381,False
0.7999991941011775,0.000707474905931709,False
0.7999991941011775,0.0007077961232583381,False
0.800000790816689,0.0007077961232583381,False
0.7999991941011775,0.0007077961232583381,False
0.7999991941011775,0.0007075819783739184,False
0.800000790816689,0.0007077961232583381,False
0.7999991941011775,0.000707474905931709,False
0.7999991941011775,0.0007075819783739184,False
0.800000790816689,0.0007076890508161287,False
0.7999991941011775,0.0007076890508161287,False
0.7999991941011775,0.0007076890508161287,False
0.800000790816689,0.0007075819783739184,False
0.800000790816689,0.0007076890508161287,False
0.7999991941011775,0.0007077961232583381,False
0.7999991941011775,0.0007077961232583381,False
0.7999991941011775,0.0007079031957005484,False
0.800000790816689,0.0007077961232583381,False
0.7999991941011775,0.0007077961232583381,False
0.7999991941011775,0.0007079031957005484,False
0.800000790816689,0.0007079031957005484,False
0.7999991941011775,0.0007081173405849676,False
0.800000790816689,0.0007080102681427578,False
0.7999991941011775,0.0007077961232583381,False
0.7999991941011775,0.0007079031957005484,False
0.7999991941011775,0.0007080102681427578,False
0.800000790816689,0.0007080102681427578,False
0.7999991941011775,0.0007080102681427578,False
0.800000790816689,0.0007079031957005484,False
0.800000790816689,0.0007080102681427578,False
0.7999991941011775,0.0007080102681427578,False
0.7999991941011775,0.0007080102681427578,False
0.7999991941011775,0.0007079031957005484,False
0.800000790816689,0.0007081173405849676,False
0.7999991941011775,0.0007081173405849676,False
0.7999991941011775,0.0007081173405849676,False
0.800000790816689,0.0007081173405849676,False
0.800000790816689,0.0007080102681427578,False
0.7999991941011775,0.0007080102681427578,False
0.7999991941011775,0.0007081173405849676,False
0.7999991941011775,0.0007080102681427578,False
0.800000790816689,0.0007082244130271775,False
0.800000790816689,0.0007081173405849676,False
0.7999991941011775,0.0007083314854693873,False
0.7999991941011775,0.0007082244130271775,False
0.800000790816689,0.0007080102681427578,False
0.7999991941011775,0.0007083314854693873,False
0.7999991941011775,0.0007081173405849676,False
0.7999991941011775,0.0007082244130271775,False
0.800000790816689,0.0007082244130271775,False
0.7999991941011775,0.0007081173405849676,False
0.800000790816689,0.0007083314854693873,False
0.7999991941011775,0.0007081173405849676,False
0.7999991941011775,0.0007083314854693873,False
0.800000790816689,0.0007082244130271775,False
0.7999991941011775,0.0007083314854693873,False
0.800000790816689,0.0007083314854693873,False
0.7999991941011775,0.0007083314854693873,False
0.800000790816689,0.0007082244130271775,False
0.7999975973856659,0.0007083314854693873,False
0.800000790816689,0.0007083314854693873,False
0.7999991941011775,0.0007082244130271775,False
0.800000790816689,0.0007083314854693873,False
0.7999991941011775,0.0007083314854693873,False
0.800000790816689,0.000708545630353807,False
0.7999991941011775,0.0007084385579115967,False
0.7999991941011775,0.0007083314854693873,False
0.800000790816689,0.0007083314854693873,False
0.7999991941011775,0.0007084385579115967,False
0.800000790816689,0.0007082244130271775,False
0.7999991941011775,0.0007084385579115967,False
0.7999991941011775,0.0007083314854693873,False
0.7999991941011775,0.0007082244130271775,False
0.800000790816689,0.000708545630353807,False
0.7999991941011775,0.0007082244130271775,False
0.800000790816689,0.0007083314854693873,False
0.7999991941011775,0.0007084385579115967,False
0.7999991941011775,0.000708545630353807,False
0.800000790816689,0.0007086527027960168,False
0.7999991941011775,0.0007084385579115967,False
0.7999991941011775,0.0007086527027960168,False
0.800000790816689,0.0007083314854693873,False
0.800000790816689,0.0007084385579115967,False
0.7999991941011775,0.000708545630353807,False
0.7999991941011775,0.0007084385579115967,False
0.800000790816689,0.0007086527027960168,False
0.7999991941011775,0.000708545630353807,False
0.7999991941011775,0.000708545630353807,False
0.800000790816689,0.0007086527027960168,False
0.7999991941011775,0.0007087597752382267,False
0.7999991941011775,0.000708545630353807,False
0.800000790816689,0.0007086527027960168,False
0.800000790816689,0.0007087597752382267,False
0.7999975973856659,0.0007086527027960168,False
0.800000790816689,0.0007087597752382267,False
0.7999991941011775,0.0007088668476804365,False
0.800000790816689,0.0007086527027960168,False
0.7999991941011775,0.0007089739201226459,False
0.7999991941011775,0.000708545630353807,False
0.800000790816689,0.0007088668476804365,False
0.7999991941011775,0.0007088668476804365,False
0.7999991941011775,0.0007087597752382267,False
0.7999991941011775,0.0007088668476804365,False
0.8000023875322005,0.0007088668476804365,False
0.7999991941011775,0.0007088668476804365,False
0.7999991941011775,0.0007084385579115967,False
0.800000790816689,0.0007086527027960168,False
0.7999991941011775,0.0007086527027960168,False
0.7999991941011775,0.0007087597752382267,False
0.7999991941011775,0.0007088668476804365,False
0.800000790816689,0.0007088668476804365,False
0.800000790816689,0.0007087597752382267,False
0.7999991941011775,0.0007087597752382267,False
0.7999991941011775,0.0007088668476804365,False
0.7999991941011775,0.0007088668476804365,False
0.800000790816689,0.0007087597752382267,False
0.7999991941011775,0.0007087597752382267,False
0.7999991941011775,0.0007088668476804365,False
0.800000790816689,0.0007088668476804365,False
0.800000790816689,0.0007089739201226459,False
0.7999991941011775,0.0007087597752382267,False
0.7999991941011775,0.0007089739201226459,False
0.7999991941011775,0.0007088668476804365,False
0.800000790816689,0.0007090809925648562,False
0.800000790816689,0.0007090809925648562,False
0.7999991941011775,0.0007090809925648562,False
0.7999991941011775,0.0007090809925648562,False
0.7999991941011775,0.0007091880650070656,False
0.800000790816689,0.0007092951374492759,False
0.7999991941011775,0.0007091880650070656,False
0.7999991941011775,0.0007091880650070656,False
0.800000790816689,0.0007094022098914853,False
0.800000790816689,0.0007091880650070656,False
0.7999991941011775,0.0007090809925648562,False
0.7999991941011775,0.0007088668476804365,False
0.7999991941011775,0.0007090809925648562,False
0.800000790816689,0.0007091880650070656,False
0.7999991941011775,0.0007089739201226459,False
0.800000790816689,0.0007091880650070656,False
0.7999991941011775,0.0007090809925648562,False
0.800000790816689,0.0007092951374492759,False
0.7999975973856659,0.0007091880650070656,False
0.800000790816689,0.0007092951374492759,False
0.7999991941011775,0.0007091880650070656,False
0.800000790816689,0.0007091880650070656,False
0.7999991941011775,0.0007091880650070656,False
0.800000790816689,0.0007092951374492759,False
0.800000790816689,0.0003174099989613757,False
0.7999991941011775,0.0002418168547612511,False
0.7999991941011775,0.000241495637434622,False
0.800000790816689,0.00024063905789694327,False
0.800000790816689,0.000240531985454733,False
0.7999991941011775,0.0002401036956858945,False
0.7999991941011775,0.00023978247835926454,False
0.800000790816689,0.0002391400437060055,False
0.7999991941011775,0.0002389258988215858,False
0.800000790816689,0.00023849760905274645,False
0.7999991941011775,0.00023828346416832763,False
0.7999991941011775,0.00023785517439948826,False
0.800000790816689,0.0002375339570728583,False
0.7999991941011775,0.00023731981218843862,False
0.7999991941011775,0.00023721273974622922,False
0.800000790816689,0.00023678444997738985,False
0.7999991941011775,0.00023657030509297017,False
0.7999991941011775,0.00023614201532413167,False
0.800000790816689,0.0002360349428819214,False
0.7999991941011775,0.00023571372555529144,False
0.800000790816689,0.00023560665311308203,False
0.7999991941011775,0.00023539250822866235,False
0.7999991941011775,0.00023496421845982298,False
0.800000790816689,0.00023475007357540417,False
0.7999991941011775,0.00023475007357540417,False
0.7999991941011775,0.0002343217838065648,False
0.800000790816689,0.0002343217838065648,False
0.7999991941011775,0.00023378642159551516,False
0.800000790816689,0.00023367934915330488,False
0.7999991941011775,0.00023367934915330488,False
0.7999991941011775,0.0002333581318266758,False
0.800000790816689,0.0002333581318266758,False
0.7999991941011775,0.00023282276961562702,False
0.800000790816689,0.0002329298420578373,False
0.7999991941011775,0.00023260862473120734,False
0.7999991941011775,0.00023250155228899793,False
0.7999991941011775,0.00023218033496236797,False
0.800000790816689,0.00023228740740457825,False
0.7999991941011775,0.00023185911763573888,False
0.800000790816689,0.00023185911763573888,False
0.7999991941011775,0.00023143082786689952,False
0.7999991941011775,0.0002313237554246901,False
0.800000790816689,0.0002313237554246901,False
0.7999991941011775,0.00023100253809806015,False
0.7999991941011775,0.00023100253809806015,False
0.800000790816689,0.00023089546565585074,False
0.800000790816689,0.00023068132077143106,False
0.7999991941011775,0.00023057424832922079,False
0.800000790816689,0.00023046717588701138,False
0.7999991941011775,0.0002303601034448011,False
0.7999991941011775,0.00023014595856038142,False
0.7999991941011775,0.00023014595856038142,False
0.800000790816689,0.000230038886118172,False
0.7999991941011775,0.00022982474123375233,False
0.800000790816689,0.00022971766879154292,False
0.7999991941011775,0.00022961059634933265,False
0.7999991941011775,0.00022950352390712324,False
0.7999991941011775,0.00022950352390712324,False
0.800000790816689,0.00022928937902270356,False
0.800000790816689,0.0002289681616960736,False
0.7999991941011775,0.00022907523413828387,False
0.7999991941011775,0.00022875401681165392,False
0.800000790816689,0.0002288610892538642,False
0.7999991941011775,0.0002286469443694445,False
0.7999991941011775,0.00022843279948502482,False
0.7999991941011775,0.00022821865460060514,False
0.800000790816689,0.00022843279948502482,False
0.800000790816689,0.00022821865460060514,False
0.7999991941011775,0.00022832572704281542,False
0.7999991941011775,0.00022789743727397605,False
0.800000790816689,0.00022800450971618546,False
0.7999991941011775,0.00022789743727397605,False
