0.7999986515494467,0.0015882321299558926,False
0.8000034787105046,0.001588873594569949,False
0.7999986515494467,0.0015889805053389584,False
0.8000002606031327,0.0015896219699530149,False
0.8000018696568186,0.0015898357914910337,False
0.8000002606031327,0.0015905841668741,False
0.8000002606031327,0.0015909048991811277,False
0.8000002606031327,0.0015915463637951842,False
0.8000002606031327,0.0015919740068712218,False
0.8000018696568186,0.0015925085607162693,False
0.8000002606031327,0.001592829293023298,False
0.7999986515494467,0.0015931500253303257,False
0.8000018696568186,0.0015932569360993356,False
0.8000002606031327,0.0015945398653274484,False
0.8000018696568186,0.001592936203792307,False
0.7999986515494467,0.0015937914899443822,False
0.8000002606031327,0.0015931500253303257,False
0.8000018696568186,0.0015937914899443822,False
0.8000002606031327,0.001593898400713392,False
0.8000002606031327,0.0015951813299415049,False
0.8000002606031327,0.001594967508403486,False
0.8000002606031327,0.0015952882407105143,False
0.8000018696568186,0.0015951813299415049,False
0.7999986515494467,0.0015951813299415049,False
0.8000018696568186,0.001596250437631599,False
0.8000002606031327,0.0015958227945555613,False
0.8000002606031327,0.0015966780807076366,False
0.8000002606031327,0.0015964642591696178,False
0.8000018696568186,0.0015972126345526836,False
0.7999986515494467,0.0015974264560907024,False
0.8000034787105046,0.0015975333668597123,False
0.7999986515494467,0.0015969988130146648,False
0.8000002606031327,0.0015971057237836746,False
0.8000018696568186,0.0015969988130146648,False
0.7999986515494467,0.0015981748314737687,False
0.8000002606031327,0.0015980679207047589,False
0.8000018696568186,0.0015988296599339512,False
0.8000002606031327,0.0015985089276269225,False
0.8000002606031327,0.0015992439391638628,False
0.8000002606031327,0.0015991370283948533,False
0.8000018696568186,0.0015996715822399004,False
0.8000002606031327,0.0015999923145469286,False
0.8000002606031327,0.0016005402322381017,False
0.8000018696568186,0.001600633779160985,False
0.7999986515494467,0.0016010747860831492,False
0.8000002606031327,0.0016008476006990039,False
0.8000018696568186,0.0016020236191581078,False
0.8000002606031327,0.0016006471430071115,False
0.8000002606031327,0.0016011816968521586,False
0.8000002606031327,0.0016016093399281962,False
0.8000002606031327,0.0016014890653130603,False
0.8000018696568186,0.0016021438937732432,False
0.8000002606031327,0.0016024646260802715,False
0.8000002606031327,0.0016030927268482018,False
0.8000002606031327,0.0016027853583872997,False
0.8000002606031327,0.0016029991799253185,False
0.8000002606031327,0.0016029991799253185,False
0.8000002606031327,0.0016035337337703655,False
0.8000018696568186,0.0016036406445393754,False
0.8000002606031327,0.0016035337337703655,False
0.8000002606031327,0.001604068287615413,False
0.8000002606031327,0.0016048166629984784,False
0.8000018696568186,0.0016050304845364972,False
0.8000002606031327,0.0016050304845364972,False
0.8000002606031327,0.0016033199122323467,False
0.8000002606031327,0.0016035337337703655,False
0.8000002606031327,0.0016036406445393754,False
0.8000018696568186,0.0016042687453073057,False
0.7999986515494467,0.0016046028414604596,False
0.8000018696568186,0.0016050304845364972,False
0.8000002606031327,0.001605244306074516,False
0.8000002606031327,0.0016059926814575823,False
0.8000018696568186,0.0016044959306914506,False
0.7999986515494467,0.001605885770688573,False
0.8000002606031327,0.0016060995922265917,False
0.8000018696568186,0.0016068479676096576,False
0.8000002606031327,0.0016065272353026293,False
0.8000002606031327,0.0016071686999166858,False
0.8000018696568186,0.0016065272353026293,False
0.7999986515494467,0.0016070617891476764,False
0.8000018696568186,0.0016060995922265917,False
0.8000002606031327,0.0016059926814575823,False
0.8000002606031327,0.0016067410568406481,False
0.8000002606031327,0.0016066341460716387,False
0.8000002606031327,0.0016070617891476764,False
0.8000002606031327,0.0016071686999166858,False
0.8000018696568186,0.0016075963429927238,False
0.8000002606031327,0.0016080239860687615,False
0.8000002606031327,0.0016082378076067803,False
0.8000002606031327,0.0016080239860687615,False
0.8000002606031327,0.001608665450682818,False
0.8000018696568186,0.0016088792722208367,False
0.7999986515494467,0.0016093069152968743,False
0.8000018696568186,0.0016094138260658837,False
0.8000002606031327,0.0016099483799109312,False
0.8000002606031327,0.0016098414691419214,False
0.8000002606031327,0.0016100552906799402,False
0.8000002606031327,0.001608665450682818,False
0.8000002606031327,0.0016093069152968743,False
0.8000018696568186,0.0016094138260658837,False
0.8000002606031327,0.001610269112217959,False
0.8000018696568186,0.0016099483799109312,False
0.8000002606031327,0.0016105898445249876,False
0.7999986515494467,0.0016104829337559778,False
0.8000018696568186,0.001611338219908053,False
0.8000002606031327,0.0016105898445249876,False
0.8000002606031327,0.0016105898445249876,False
0.8000002606031327,0.001611445130677063,False
0.8000002606031327,0.00161197968452211,False
0.8000018696568186,0.0016115520414460719,False
0.8000002606031327,0.0016120865952911193,False
0.7999986515494467,0.001612514238367157,False
0.8000018696568186,0.0016127280599051758,False
0.8000002606031327,0.0016120865952911193,False
0.8000018696568186,0.0016123004168291382,False
0.7999986515494467,0.0016121935060601287,False
0.8000002606031327,0.001612514238367157,False
0.8000018696568186,0.001612514238367157,False
0.8000002606031327,0.0016120865952911193,False
0.8000002606031327,0.0016128349706741852,False
0.8000018696568186,0.001613048792212204,False
0.8000002606031327,0.0016132626137502228,False
0.8000002606031327,0.0016132626137502228,False
0.8000002606031327,0.001614117899902298,False
0.8000002606031327,0.0016139040783642792,False
0.8000002606031327,0.0016146524537473455,False
0.8000002606031327,0.0016143317214403169,False
0.8000002606031327,0.0016151870075923921,False
0.8000018696568186,0.0016151870075923921,False
0.8000002606031327,0.0016151870075923921,False
0.8000018696568186,0.0016128349706741852,False
0.7999986515494467,0.001613583346057251,False
0.8000002606031327,0.0016131557029812134,False
0.8000018696568186,0.001614010989133289,False
0.8000002606031327,0.0016132626137502228,False
0.8000002606031327,0.0016139040783642792,False
0.8000002606031327,0.001613583346057251,False
0.8000002606031327,0.0016148662752853643,False
0.8000018696568186,0.001614224810671308,False
0.8000002606031327,0.0016144386322093267,False
0.7999986515494467,0.0016146524537473455,False
0.8000018696568186,0.001615400829130411,False
0.8000002606031327,0.0016155077398994208,False
0.8000018696568186,0.0016155077398994208,False
0.8000002606031327,0.001615400829130411,False
0.7999986515494467,0.0016159353829754584,False
0.8000018696568186,0.001615293918361402,False
0.8000002606031327,0.001615293918361402,False
0.8000002606031327,0.0016151870075923921,False
0.8000018696568186,0.0016158284722064486,False
0.7999986515494467,0.0016159353829754584,False
0.8000018696568186,0.0016161492045134772,False
0.8000002606031327,0.001616363026051496,False
0.7999986515494467,0.0016165768475895148,False
0.8000018696568186,0.0016166837583585247,False
0.8000002606031327,0.0016170044906655525,False
0.8000002606031327,0.0016171114014345623,False
0.8000018696568186,0.0016173252229725811,False
0.8000002606031327,0.0016178597768176277,False
0.8000018696568186,0.0016175390445106,False
0.7999986515494467,0.0016179666875866376,False
0.8000002606031327,0.0016180735983556465,False
0.8000018696568186,0.0016185012414316846,False
0.8000002606031327,0.0016172183122035713,False
0.7999986515494467,0.0016177528660486187,False
0.8000018696568186,0.00161743213374159,False
0.8000002606031327,0.0016178597768176277,False
0.8000018696568186,0.0016180735983556465,False
0.8000002606031327,0.0016182874198936658,False
0.8000002606031327,0.0016183943306626752,False
0.8000002606031327,0.001618608152200694,False
0.8000002606031327,0.0016183943306626752,False
0.8000018696568186,0.0016190357952767316,False
0.7999986515494467,0.0016188219737387128,False
0.8000002606031327,0.0016194634383527693,False
0.8000018696568186,0.0016193565275837598,False
0.8000002606031327,0.0016193565275837598,False
0.8000002606031327,0.0016201049029668257,False
0.8000002606031327,0.001620425635273854,False
0.8000002606031327,0.0016193565275837598,False
0.8000018696568186,0.0016193565275837598,False
0.7999986515494467,0.0016193565275837598,False
0.8000018696568186,0.0016198910814288069,False
0.8000002606031327,0.0016201049029668257,False
0.8000002606031327,0.0016203187245048445,False
0.8000002606031327,0.0016203187245048445,False
0.7999503799388673,0.007753629176421739,False
0.7999986515494467,0.018115300634199562,False
0.8000018696568186,0.01811551445573758,False
0.8000002606031327,0.018118294135731825,False
0.8000002606031327,0.018116369741889654,False
0.8000018696568186,0.018125350246486448,False
0.8000002606031327,0.01812930594493979,False
0.8000018696568186,0.01812289129879923,False
0.7999986515494467,0.018120432351112013,False
0.8000002606031327,0.01812085999418805,False
0.8000018696568186,0.018118721778807863,False
0.8000002606031327,0.018097446535774987,False
0.7999986515494467,0.018099157108079137,False
0.8000018696568186,0.018100119305000224,False
0.8000002606031327,0.018099157108079137,False
0.8000018696568186,0.018100226215769233,False
0.7999986515494467,0.018127809194173665,False
0.8000002606031327,0.018131123428012957,False
0.8000002606031327,0.01810054694807626,False
0.8000018696568186,0.018101295323459325,False
0.8000002606031327,0.01810386118191555,False
0.8000018696568186,0.01811016891728711,False
0.7999986515494467,0.018124281138796352,False
0.8000018696568186,0.01812460187110338,False
0.8000002606031327,0.018114766080354512,False
0.8000002606031327,0.018117866492655788,False
0.8000018696568186,0.018095629052701828,False
0.7999986515494467,0.018094666855780744,False
0.8000002606031327,0.018093063194245602,False
0.8000018696568186,0.01809349083732164,False
0.8000002606031327,0.01809284937270758,False
0.8000002606031327,0.018094346123473715,False
0.8000002606031327,0.018094987588087773,False
0.8000002606031327,0.018094132301935698,False
0.8000002606031327,0.01809540186731768,False
0.8000018696568186,0.018095842874239848,False
0.8000002606031327,0.018094439670396596,False
0.7999986515494467,0.018096484338853903,False
0.8000018696568186,0.018094666855780744,False
0.8000002606031327,0.018096484338853903,False
0.8000018696568186,0.01809520140962579,False
0.8000002606031327,0.018097981089620033,False
0.8000002606031327,0.018096056695777865,False
0.8000002606031327,0.018097446535774987,False
0.8000018696568186,0.018099798572693195,False
0.8000002606031327,0.01809723271423697,False
0.7999986515494467,0.01814309743414201,False
0.8000018696568186,0.018141600683375878,False
0.8000002606031327,0.018144701095677153,False
0.7999986515494467,0.01811155875728423,False
0.8000034787105046,0.01810963436344206,False
0.7999986515494467,0.018110382738825127,False
0.8000018696568186,0.01811198640036027,False
0.7999986515494467,0.01811187948959126,False
0.8000002606031327,0.018110703471132156,False
0.8000018696568186,0.018139248646457672,False
0.8000002606031327,0.01814288361260399,False
0.8000018696568186,0.018125670978793473,False
0.8000002606031327,0.018113162418819374,False
0.7999986515494467,0.01811305550805036,False
0.8000018696568186,0.01811198640036027,False
0.8000002606031327,0.01812652626494555,False
0.8000002606031327,0.018134972215697293,False
0.8000018696568186,0.018133261643393142,False
0.7999986515494467,0.018126846997252578,False
0.8000018696568186,0.018125777889562482,False
0.8000002606031327,0.01812460187110338,False
0.8000002606031327,0.018116476652658663,False
0.8000002606031327,0.018122249834185172,False
0.8000002606031327,0.018121822191109135,False
0.8000002606031327,0.018118080314193805,False
0.8000018696568186,0.018121501458802106,False
0.8000002606031327,0.018117331938810738,False
0.8000018696568186,0.01812096690495706,False
0.7999986515494467,0.018120539261881022,False
0.8000002606031327,0.01811893560034588,False
0.8000018696568186,0.01811925633265291,False
0.7999986515494467,0.018116583563427675,False
0.8000018696568186,0.018120539261881022,False
0.8000002606031327,0.018118187224962813,False
0.8000002606031327,0.018119683975728947,False
0.8000018696568186,0.018122036012647155,False
0.7999986515494467,0.0181191494218839,False
0.8000002606031327,0.018120539261881022,False
0.8000018696568186,0.018136575877232435,False
0.8000002606031327,0.018149512080282575,False
0.8000018696568186,0.018149298258744555,False
0.8000002606031327,0.018133689286469183,False
0.7999986515494467,0.018117331938810738,False
0.8000018696568186,0.018114872991123524,False
0.8000002606031327,0.01811743884957975,False
0.8000002606031327,0.018117973403424796,False
0.8000018696568186,0.01811882868957687,False
0.7999986515494467,0.018129092123401774,False
0.8000034787105046,0.018151757206431772,False
0.7999986515494467,0.018147587686440404,False
0.8000002606031327,0.01811947015419093,False
0.8000002606031327,0.018118614868038854,False
0.8000002606031327,0.018119363243421917,False
0.8000002606031327,0.018124494960334372,False
0.8000018696568186,0.01814106612953083,False
0.8000002606031327,0.018141814504913898,False
0.8000002606031327,0.018135292948004325,False
0.8000002606031327,0.01813336855416215,False
0.8000002606031327,0.018133261643393142,False
0.8000018696568186,0.018131337249550974,False
0.7999986515494467,0.018133047821855125,False
0.8000018696568186,0.018133582375700175,False
0.8000002606031327,0.018134651483390267,False
0.8000002606031327,0.018136362055694417,False
0.8000018696568186,0.018134972215697293,False
0.8000002606031327,0.01813604132338739,False
0.8000002606031327,0.01813572059108036,False
0.8000002606031327,0.018135292948004325,False
0.8000002606031327,0.018134651483390267,False
0.8000018696568186,0.018135827501849368,False
0.7999986515494467,0.018137003520308476,False
0.8000002606031327,0.0181373242526155,False
0.8000018696568186,0.018136362055694417,False
0.8000002606031327,0.01813785880646055,False
0.7999986515494467,0.01813753807415352,False
0.8000018696568186,0.018135506769542342,False
0.8000002606031327,0.018135292948004325,False
0.8000034787105046,0.01813454457262126,False
0.7999986515494467,0.018154229517965116,False
0.8000002606031327,0.01815871977026351,False
0.8000002606031327,0.0181608579856437,False
0.8000002606031327,0.018123960406489323,False
0.8000002606031327,0.018124494960334372,False
0.8000018696568186,0.018125136424948427,False
0.8000002606031327,0.01812460187110338,False
0.8000002606031327,0.018123318941875265,False
0.8000002606031327,0.018125243335717436,False
0.8000018696568186,0.018146425031827427,False
0.7999986515494467,0.018158185216418467,False
0.8000002606031327,0.018142776701834982,False
0.8000018696568186,0.018126205532638523,False
0.8000002606031327,0.018124281138796352,False
0.8000002606031327,0.018127488461866632,False
0.8000018696568186,0.018145877114136254,False
0.7999986515494467,0.018145342560291208,False
0.8000018696568186,0.018138821003381635,False
0.8000002606031327,0.01813625514492541,False
0.8000002606031327,0.018135186037235313,False
0.8000018696568186,0.018130588874167908,False
0.8000002606031327,0.018131337249550974,False
0.7999986515494467,0.01812994740955385,False
0.8000018696568186,0.01813208562493404,False
0.8000002606031327,0.018132620178779087,False
0.8000002606031327,0.01813454457262126,False
0.8000002606031327,0.018136682788001443,False
0.8000002606031327,0.01813796571722956,False
0.8000018696568186,0.018138714092612626,False
0.8000002606031327,0.0181395693787647,False
0.7999986515494467,0.018140103932609748,False
0.8000018696568186,0.018138714092612626,False
0.8000002606031327,0.018132620178779087,False
0.8000018696568186,0.018138500271074606,False
0.7999986515494467,0.018135079126466305,False
0.8000018696568186,0.018139034824919652,False
0.8000002606031327,0.018133475464931163,False
0.8000002606031327,0.01815978887795361,False
0.8000018696568186,0.018161606361026768,False
0.8000002606031327,0.01816715235716913,False
0.8000002606031327,0.018128450658787716,False
0.8000002606031327,0.018130161231091874,False
0.8000018696568186,0.0181282368372497,False
0.7999986515494467,0.01812866448032574,False
0.8000002606031327,0.0181304819633989,False
0.8000018696568186,0.01812866448032574,False
0.7999986515494467,0.01815250558181484,False
0.8000018696568186,0.018163103111792898,False
0.8000002606031327,0.018145663292598237,False
0.8000018696568186,0.01812930594493979,False
0.8000002606031327,0.018130054320322858,False
0.7999986515494467,0.018130268141860882,False
0.8000018696568186,0.01814320434491102,False
0.8000002606031327,0.018150795009510688,False
0.8000002606031327,0.018150901920279697,False
0.8000002606031327,0.018144166541832103,False
0.8000002606031327,0.018143952720294086,False
0.8000018696568186,0.018155071440271064,False
0.7999986515494467,0.018154323064887998,False
0.8000018696568186,0.01815508480411719,False
0.8000002606031327,0.018154536886426015,False
0.8000002606031327,0.018153895421811964,False
0.8000018696568186,0.018156568191037198,False
0.7999986515494467,0.018151115741817714,False
0.8000018696568186,0.018153788511042955,False
0.8000002606031327,0.018152184849507813,False
0.8000002606031327,0.018152933224890876,False
0.8000002606031327,0.01815592672642314,False
0.8000018696568186,0.018156260822576292,False
0.8000002606031327,0.01815581981565413,False
0.8000002606031327,0.01815004663412762,False
0.8000002606031327,0.01814673240028833,False
0.8000002606031327,0.01815635436949918,False
0.8000002606031327,0.018156795376421342,False
0.8000018696568186,0.018151543384893755,False
0.8000002606031327,0.018152612492583847,False
0.8000002606031327,0.018163958397944973,False
0.8000002606031327,0.018166724714093092,False
0.8000018696568186,0.0181486567941305,False
0.8000002606031327,0.01813401001877621,False
0.7999986515494467,0.01813208562493404,False
0.8000002606031327,0.0181327270895481,False
0.8000018696568186,0.0181327270895481,False
0.8000018696568186,0.01813422384031423,False
0.8000002606031327,0.018142135237220927,False
0.7999986515494467,0.018166190160248043,False
0.8000018696568186,0.018159775514107482,False
0.8000002606031327,0.018133047821855125,False
0.8000002606031327,0.018133582375700175,False
0.8000002606031327,0.018134865304928284,False
0.8000002606031327,0.018135506769542342,False
0.8000018696568186,0.018154857618733047,False
0.8000002606031327,0.018157102744882244,False
0.8000002606031327,0.01814876370489951,False
0.8000002606031327,0.018147480775671396,False
0.8000002606031327,0.01815304013565989,False
0.8000002606031327,0.018158599495648374,False
0.8000018696568186,0.01815635436949918,False
0.7999986515494467,0.018156888923344223,False
0.8000034787105046,0.018157423477189273,False
0.8000002606031327,0.018153253957197905,False
0.7999986515494467,0.018149725901820596,False
0.8000018696568186,0.0181486567941305,False
0.7999986515494467,0.018151222652586726,False
0.8000018696568186,0.018158706406417386,False
0.8000002606031327,0.018152518945660966,False
0.8000002606031327,0.018154323064887998,False
0.8000018696568186,0.018156047001038275,False
0.7999986515494467,0.018152412034891957,False
0.8000018696568186,0.018160523889490545,False
0.8000002606031327,0.018151650295662763,False
0.8000002606031327,0.01815795803103432,False
0.8000002606031327,0.018154536886426015,False
0.8000018696568186,0.018149097801052665,False
0.7999986515494467,0.018158599495648374,False
0.8000018696568186,0.018169504394087335,False
0.8000002606031327,0.01817400801023186,False
0.8000002606031327,0.018135827501849368,False
0.8000018696568186,0.01813785880646055,False
0.7999986515494467,0.018134972215697293,False
0.8000018696568186,0.0181373242526155,False
0.8000002606031327,0.01813625514492541,False
0.8000002606031327,0.018136682788001443,False
0.8000002606031327,0.01816962466870247,False
0.8000002606031327,0.018168769382550395,False
0.8000002606031327,0.01814491491721517,False
0.8000018696568186,0.018135827501849368,False
0.7999986515494467,0.018138179538767576,False
0.8000018696568186,0.0181373242526155,False
0.8000002606031327,0.018154002332580972,False
0.8000002606031327,0.01815806494180333,False
0.8000002606031327,0.018155178351040073,False
0.8000018696568186,0.018149832812589604,False
0.8000002606031327,0.01815015354489663,False
0.8000002606031327,0.01815166365950889,False
0.8000002606031327,0.01814844297259248,False
0.8000018696568186,0.018143311255680028,False
0.8000002606031327,0.018149618991051584,False
0.8000002606031327,0.018145556381829228,False
0.8000002606031327,0.018149084437206538,False
0.8000002606031327,0.018149939723358613,False
0.8000002606031327,0.01815047427720366,False
0.8000002606031327,0.018145342560291208,False
0.8000018696568186,0.018145984024905262,False
0.8000002606031327,0.018146090935674274,False
0.8000002606031327,0.01814897752643753,False
0.8000002606031327,0.018145770203367245,False
0.8000018696568186,0.018142135237220927,False
0.7999986515494467,0.018150901920279697,False
0.8000034787105046,0.018150795009510688,False
0.7999986515494467,0.018149725901820596,False
0.7999986515494467,0.018145663292598237,False
0.8000018696568186,0.01815026045566564,False
0.8000002606031327,0.018173032449464645,False
0.8000002606031327,0.018170479954854546,False
0.8000018696568186,0.018166951899477236,False
0.8000002606031327,0.018138821003381635,False
0.8000002606031327,0.018138821003381635,False
0.8000002606031327,0.018138179538767576,False
0.8000002606031327,0.018140959218761823,False
0.8000002606031327,0.018138607181843614,False
0.8000002606031327,0.018138607181843614,False
0.8000034787105046,0.018174114921000867,False
0.7999986515494467,0.01817133524100662,False
0.8000002606031327,0.018145556381829228,False
0.8000002606031327,0.01813914173568866,False
0.8000002606031327,0.018138500271074606,False
0.8000002606031327,0.018140531575685785,False
0.8000018696568186,0.01815956169256946,False
0.7999986515494467,0.018161606361026768,False
0.8000034787105046,0.018157423477189273,False
0.7999986515494467,0.018151329563355738,False
0.8000002606031327,0.01815624745873017,False
0.8000018696568186,0.018159027138724415,False
0.7999986515494467,0.01815806494180333,False
0.8000002606031327,0.01816043034256766,False
0.8000018696568186,0.018160203157183516,False
0.8000002606031327,0.018162341372563708,False
0.8000018696568186,0.018159775514107482,False
0.7999986515494467,0.01816276901563974,False
0.8000002606031327,0.01815966860333847,False
0.8000034787105046,0.018158813317186395,False
0.7999986515494467,0.01816105844333559,False
0.8000002606031327,0.01816373121256083,False
0.8000018696568186,0.018162341372563708,False
0.8000002606031327,0.018150795009510688,False
0.8000018696568186,0.018159240960262432,False
0.7999986515494467,0.018162247825640822,False
0.8000002606031327,0.018159575056415585,False
0.8000002606031327,0.018159134049493424,False
0.8000018696568186,0.018158706406417386,False
0.8000018696568186,0.018169090114857425,False
0.7999970424957606,0.01817603931484304,False
0.8000018696568186,0.018173567003309694,False
0.8000018696568186,0.01815581981565413,False
0.8000002606031327,0.01814138686183786,False
0.7999986515494467,0.018140959218761823,False
0.8000018696568186,0.01814149377260687,False
0.7999986515494467,0.01814117304029984,False
0.8000018696568186,0.01816576251717201,False
0.8000002606031327,0.018174208467923753,False
0.7999986515494467,0.018156568191037198,False
0.8000034787105046,0.018142242147989936,False
0.8000002606031327,0.018142349058758944,False
0.8000002606031327,0.018143738898756066,False
0.8000002606031327,0.018155071440271064,False
0.8000002606031327,0.01816351739102281,False
0.8000018696568186,0.018162662104870733,False
0.8000002606031327,0.018155712904885123,False
0.7999986515494467,0.018154429975657006,False
0.8000018696568186,0.01815036736643465,False
0.8000002606031327,0.01815058118797267,False
0.8000018696568186,0.01814876370489951,False
0.8000002606031327,0.018151436474124746,False
0.8000002606031327,0.018150795009510688,False
0.8000018696568186,0.01815068809874168,False
0.7999970424957606,0.018151757206431772,False
0.8000018696568186,0.018149618991051584,False
0.8000002606031327,0.01815229176027682,False
0.8000002606031327,0.018149725901820596,False
0.8000018696568186,0.018151329563355738,False
0.8000002606031327,0.018149832812589604,False
0.8000002606031327,0.018151556748739882,False
0.8000002606031327,0.01815581981565413,False
0.8000002606031327,0.018156782012575215,False
0.8000002606031327,0.01815036736643465,False
0.8000018696568186,0.01815015354489663,False
0.8000002606031327,0.018151543384893755,False
0.8000018696568186,0.018151115741817714,False
0.8000002606031327,0.01815817185257234,False
0.7999986515494467,0.018177522701763045,False
0.8000018696568186,0.01817710842253313,False
0.8000002606031327,0.018168435286397243,False
0.8000002606031327,0.01814352507721805,False
0.8000002606031327,0.018144166541832103,False
0.8000002606031327,0.018143845809525078,False
0.8000018696568186,0.018143952720294086,False
0.8000002606031327,0.01814491491721517,False
0.7999986515494467,0.018147480775671396,False
0.8000018696568186,0.018176680779457093,False
0.8000002606031327,0.018176466957919073,False
0.8000002606031327,0.01814876370489951,False
0.8000002606031327,0.018143845809525078,False
0.8000002606031327,0.018146197846443283,False
0.8000018696568186,0.01814491491721517,False
0.8000002606031327,0.018165869427941017,False
0.8000002606031327,0.01816522796332696,False
0.8000002606031327,0.018163637665637944,False
0.8000002606031327,0.01815934787103144,False
0.8000018696568186,0.018158706406417386,False
0.8000002606031327,0.018162448283332716,False
0.8000002606031327,0.018166617803324084,False
0.8000002606031327,0.01816159299718064,False
0.8000002606031327,0.018163945034098846,False
0.8000002606031327,0.018164813684097048,False
0.8000018696568186,0.01815988242487649,False
0.7999986515494467,0.018159027138724415,False
0.8000034787105046,0.0181634104802538,False
0.7999986515494467,0.018164813684097048,False
0.8000002606031327,0.01816663116717021,False
0.8000018696568186,0.018166403981786063,False
0.8000002606031327,0.018165976338710026,False
0.8000002606031327,0.01816812791793634,False
0.8000002606031327,0.018156140547961157,False
0.8000002606031327,0.018161913729487666,False
0.8000002606031327,0.018160630800259557,False
0.8000002606031327,0.018161806818718658,False
0.8000018696568186,0.018164051944867858,False
0.8000002606031327,0.018160002699491626,False
0.8000002606031327,0.018169303936395445,False
0.8000018696568186,0.01817913972714431,False
0.7999986515494467,0.01817892590560629,False
0.8000002606031327,0.01817623977253493,False
0.8000002606031327,0.01816747308947616,False
0.8000018696568186,0.01816502750563507,False
0.8000002606031327,0.0181668316248621,False
0.8000002606031327,0.018174221831769876,False
0.8000002606031327,0.01817955400637422,False
0.8000018696568186,0.018179781191758365,False
0.7999986515494467,0.018180943846371346,False
0.8000034787105046,0.017632745514429417,False
0.8000034787105046,0.01735815856807485,False
0.7999986515494467,0.01735805165730584,False
0.7999986515494467,0.017359869140379,False
0.8000034787105046,0.017359120764995933,False
0.7999986515494467,0.01735751710346079,False
0.8000018696568186,0.017359441497302966,False
0.8000002606031327,0.017359334586533957,False
0.8000002606031327,0.017360831337300084,False
0.8000002606031327,0.017357303281922774,False
0.8000002606031327,0.017360724426531075,False
0.8000018696568186,0.017358265478843858,False
0.8000002606031327,0.017359334586533957,False
0.8000002606031327,0.017359334586533957,False
0.8000002606031327,0.017359334586533957,False
0.8000002606031327,0.01736029678345504,False
0.8000002606031327,0.0173586931219199,False
0.8000002606031327,0.017359441497302966,False
0.8000018696568186,0.017359441497302966,False
0.8000002606031327,0.01735858621115089,False
0.8000002606031327,0.017361365891145134,False
0.8000002606031327,0.017360510604993058,False
0.8000002606031327,0.01736040369422405,False
0.8000002606031327,0.017359227675764942,False
0.8000002606031327,0.017360617515762067,False
0.8000018696568186,0.017360510604993058,False
0.8000002606031327,0.017359548408071974,False
0.8000018696568186,0.017359120764995933,False
0.7999986515494467,0.01736029678345504,False
0.8000002606031327,0.01736029678345504,False
0.8000018696568186,0.017360831337300084,False
0.7999986515494467,0.017359869140379,False
0.8000018696568186,0.017360189872686033,False
0.8000002606031327,0.017358906943457916,False
0.8000002606031327,0.017360510604993058,False
0.8000018696568186,0.017360831337300084,False
0.7999986515494467,0.017360189872686033,False
0.8000018696568186,0.017360510604993058,False
0.8000002606031327,0.017359334586533957,False
0.8000002606031327,0.017360724426531075,False
0.8000018696568186,0.017360189872686033,False
0.8000002606031327,0.017359441497302966,False
0.8000002606031327,0.017360189872686033,False
0.8000018696568186,0.017360831337300084,False
0.7999986515494467,0.017360724426531075,False
0.8000002606031327,0.017360617515762067,False
0.8000002606031327,0.017361258980376125,False
0.8000002606031327,0.017360724426531075,False
0.8000018696568186,0.017361365891145134,False
0.8000002606031327,0.017361365891145134,False
0.7999986515494467,0.017361045158838108,False
0.8000034787105046,0.017359120764995933,False
0.8000002606031327,0.01736222117729721,False
0.7999986515494467,0.017360724426531075,False
0.8000002606031327,0.017359869140379,False
0.8000018696568186,0.017361472801914142,False
0.8000002606031327,0.017360938248069096,False
0.8000002606031327,0.017360617515762067,False
0.8000002606031327,0.017361152069607116,False
0.8000018696568186,0.017360617515762067,False
0.8000002606031327,0.017361472801914142,False
0.8000002606031327,0.017360831337300084,False
0.8000002606031327,0.01735976222960999,False
0.8000002606031327,0.017361472801914142,False
0.8000002606031327,0.017360831337300084,False
0.8000002606031327,0.01736222117729721,False
0.8000002606031327,0.017361258980376125,False
0.8000018696568186,0.017362328088066217,False
0.8000002606031327,0.01736275573114226,False
0.8000018696568186,0.017361900444990183,False
0.7999986515494467,0.017361900444990183,False
0.8000018696568186,0.017361365891145134,False
0.8000002606031327,0.017362862641911267,False
0.8000002606031327,0.017361472801914142,False
0.8000002606031327,0.01736168662345216,False
0.8000018696568186,0.017362648820373246,False
0.8000002606031327,0.017362862641911267,False
0.8000002606031327,0.0173632902849873,False
0.7999986515494467,0.017361472801914142,False
0.8000002606031327,0.0173632902849873,False
0.8000034787105046,0.017361258980376125,False
0.8000002606031327,0.01736168662345216,False
0.7999986515494467,0.017362648820373246,False
0.8000002606031327,0.01736179353422117,False
0.8000018696568186,0.01736222117729721,False
0.8000002606031327,0.017362648820373246,False
0.8000002606031327,0.017363183374218293,False
0.8000002606031327,0.017362648820373246,False
0.8000018696568186,0.01736200735575919,False
0.8000002606031327,0.01736168662345216,False
0.8000018696568186,0.017363076463449284,False
0.8000002606031327,0.017362648820373246,False
0.7999986515494467,0.017362862641911267,False
0.8000018696568186,0.017362434998835226,False
0.8000002606031327,0.017362648820373246,False
0.7999986515494467,0.01736200735575919,False
0.8000018696568186,0.017362648820373246,False
0.8000002606031327,0.01736200735575919,False
0.8000018696568186,0.017362969552680275,False
0.7999986515494467,0.01736275573114226,False
0.8000002606031327,0.017362328088066217,False
0.8000018696568186,0.017364787035753435,False
0.8000002606031327,0.017361900444990183,False
0.8000002606031327,0.01736393174960136,False
0.8000018696568186,0.017362541909604234,False
0.7999986515494467,0.017363076463449284,False
0.8000018696568186,0.0173632902849873,False
0.8000002606031327,0.017362969552680275,False
0.8000002606031327,0.01736393174960136,False
0.8000002606031327,0.017362862641911267,False
0.8000018696568186,0.017361365891145134,False
0.8000002606031327,0.01736425248190839,False
0.8000002606031327,0.0173632902849873,False
0.8000002606031327,0.01736350410652532,False
0.8000002606031327,0.017364680124984426,False
0.8000002606031327,0.017364359392677397,False
0.8000018696568186,0.017362648820373246,False
0.8000002606031327,0.017363397195756313,False
0.7999986515494467,0.017365214678829472,False
0.8000018696568186,0.017364359392677397,False
0.8000002606031327,0.017362541909604234,False
0.7999986515494467,0.01736446630344641,False
0.8000018696568186,0.017365428500367493,False
0.8000002606031327,0.01736382483883235,False
0.8000018696568186,0.01736350410652532,False
0.8000002606031327,0.017364893946522443,False
0.8000002606031327,0.01736393174960136,False
0.8000018696568186,0.017362648820373246,False
0.7999986515494467,0.017364359392677397,False
0.8000002606031327,0.017364145571139376,False
0.8000018696568186,0.01736382483883235,False
0.7999986515494467,0.01736382483883235,False
0.8000018696568186,0.017364680124984426,False
0.8000018696568186,0.017364359392677397,False
0.7999986515494467,0.01736564232190551,False
0.8000018696568186,0.01736350410652532,False
0.8000002606031327,0.017364359392677397,False
0.800050141267398,0.00395581120120787,False
0.8000018696568186,0.0011560854377736921,False
0.8000002606031327,0.0011538403116244942,False
0.8000018696568186,0.0011514882747062868,False
0.7999986515494467,0.0011493500593260987,False
0.8000002606031327,0.0011475325762529383,False
0.8000002606031327,0.0011456081824107686,False
0.8000018696568186,0.0011442183424136463,False
0.8000002606031327,0.0011421870378024671,False
0.8000002606031327,0.001141224840881383,False
0.8000002606031327,0.0011393004470392127,False
0.8000018696568186,0.0011382313393491186,False
0.8000002606031327,0.001136734588582987,False
0.7999986515494467,0.0011351309270478459,False
0.8000018696568186,0.0011338479978197325,False
0.8000002606031327,0.0011328858008986479,False
0.8000002606031327,0.0011314959609015252,False
0.8000018696568186,0.0011302130316734123,False
0.7999986515494467,0.0011290370132143088,False
0.8000034787105046,0.0011282886378312425,False
0.7999986515494467,0.0011268987978341203,False
0.8000002606031327,0.0011258296901440262,False
0.8000018696568186,0.0011246536716849223,False
0.7999986515494467,0.001123691474763838,False
0.8000018696568186,0.0011226223670737431,False
0.8000002606031327,0.0011217670809216679,False
0.8000002606031327,0.001121018705538602,False
0.8000018696568186,0.0011202703301555362,False
0.8000002606031327,0.0011193081332344515,False
0.7999986515494467,0.0011182390255443575,False
0.8000018696568186,0.0011174906501612912,False
0.8000002606031327,0.001116635364009216,False
0.8000018696568186,0.00111588698862615,False
0.7999986515494467,0.0011150317024740748,False
0.8000002606031327,0.0011141764163219996,False
0.8000018696568186,0.0011135349517079431,False
0.8000002606031327,0.001112465844017849,False
0.7999986515494467,0.0011121451117108204,False
0.8000018696568186,0.0011111829147897353,False
0.8000002606031327,0.00111043453940667,False
0.8000018696568186,0.0011096861640236036,False
0.8000002606031327,0.0011090446994095472,False
0.7999986515494467,0.001108189413257472,False
0.8000018696568186,0.001107547948643415,False
0.8000002606031327,0.0011072272163363873,False
0.8000002606031327,0.001106371930184312,False
0.8000018696568186,0.0011058373763392646,False
0.7999986515494467,0.0011049820901871893,False
0.8000018696568186,0.0011044475363421423,False
0.8000002606031327,0.0011039129824970953,False
0.8000002606031327,0.0011032715178830384,False
0.8000018696568186,0.0011025231424999725,False
0.7999986515494467,0.0011019885886549255,False
0.8000002606031327,0.001101454034809878,False
0.8000018696568186,0.0011011333025028503,False
0.8000002606031327,0.0011000641948127562,False
0.8000002606031327,0.0010999572840437464,False
0.8000018696568186,0.00109931581942969,False
0.7999986515494467,0.0010986743548156335,False
0.8000018696568186,0.0010982467117395959,False
0.8000002606031327,0.0010977121578945488,False
0.8000018696568186,0.0010971776040495014,False
0.7999986515494467,0.0010966430502044548,False
0.8000002606031327,0.001096536139435445,False
0.8000018696568186,0.0010957877640523795,False
0.8000002606031327,0.0010954670317453508,False
0.8000002606031327,0.0010950393886693132,False
0.8000002606031327,0.0010945048348242658,False
0.8000002606031327,0.0010939702809792192,False
0.8000018696568186,0.0010936495486721905,False
0.8000002606031327,0.0010933288163651627,False
0.8000002606031327,0.0010925804409820964,False
0.8000002606031327,0.001092473530213087,False
0.8000002606031327,0.0010918320655990306,False
0.8000002606031327,0.001091404422522993,False
