0x1c04e940:	0xe6e4e6e4	0xe3e4e4e3	0xe4e4e4e3	0xe4e4e4e4
0x1c04e950:	0xe4e4e4e4	0xe4e3e6e4	0xe4e3e4e3	0xe3e4e4e4
0x1c04e960:	0xe7e4e4e4	0xe6e4e4e3	0xe5e4e4e3	0xe4e4e4e4
0x1c04e970:	0xe4e4e6e3	0xe4e3e4e3	0xe4e4e4e3	0xe3e4e4e4
0x1c04e980:	0xe6e4e6e4	0xe4e4e4e4	0xe6e3e6e4	0xe6e4e6e4
0x1c04e990:	0xe4e3e4e4	0xe4e4e4e3	0xe3e3e4e4	0xe4e3e4e3
0x1c04e9a0:	0xe7e4e4e4	0xe4e4e4e4	0xe6e3e5e4	0xe4e4e4e4
0x1c04e9b0:	0xe4e4e6e3	0xe4e4e4e4	0xe4e3e4e4	0xe4e3e3e4
0x1c04e9c0:	0xe6e4e5e4	0xe4e4e4e4	0xe4e4e4e4	0xe4e4e5e4
0x1c04e9d0:	0xe4e4e4e4	0xe6e3e4e4	0xe4e4e4e3	0xe4e3e4e4
0x1c04e9e0:	0xe6e4e4e4	0xe6e4e6e3	0xe4e4e6e4	0xe6e4e4e3
0x1c04e9f0:	0xe4e4e4e4	0xe4e4e4e3	0xe4e3e4e3	0xe4e3e4e4
0x1c04ea00:	0xe6e4e4e4	0xe4e4e5e4	0xe4e3e5e4	0xe4e4e4e4
0x1c04ea10:	0xe4e4e6e4	0xe4e4e4e4	0xe4e4e4e3	0xe4e4e4e4
0x1c04ea20:	0xe6e4e6e4	0xe6e4e6e4	0xe5e4e4e4	0xe4e4e4e4
0x1c04ea30:	0xe5e4e4e4	0xe4e4e4e4	0xe6e3e4e3	0xe4e3e4e4
0x1c04ea40:	0xe6e4e4e4	0xe5e4e6e3	0xe4e4e4e4	0xe6e4e6e4
0x1c04ea50:	0xe4e4e4e4	0xe4e4e4e4	0xe4e3e4e3	0xe4e4e4e4
0x1c04ea60:	0xe6e4e4e4	0xe6e4e4e3	0xe4e4e4e4	0xe4e3e4e4
0x1c04ea70:	0xe6e4e4e4	0xe4e4e4e4	0xe6e3e4e3	0xe4e4e4e4
0x1c04ea80:	0xe7e4e4e4	0xe6e4e6e3	0xe6e5e4e4	0xe4e4e4e4
0x1c04ea90:	0xe4e4e4e4	0xe4e4e4e3	0xe4e3e4e4	0xe4e4e4e4
0x1c04eaa0:	0xe6e4e5e4	0xe6e4e5e4	0xe6e4e6e4	0xe6e4e5e4
0x1c04eab0:	0xe4e4e6e4	0xe4e4e5e4	0xe4e3e4e4	0xe4e4e4e4
0x1c04eac0:	0xe6e4e4e4	0xe5e4e6e4	0xe5e4e6e4	0xe4e4e5e4
0x1c04ead0:	0xe4e3e4e3	0xe4e3e4e4	0xe4e4e4e4	0xe5e3e3e3
0x1c04eae0:	0xe6e4e4e4	0xe5e4e5e4	0xe6e4e5e4	0xe4e4e5e4
0x1c04eaf0:	0xe5e4e5e4	0xe4e4e4e4	0xe4e4e4e3	0xe4e3e4e4
0x1c04eb00:	0xe6e4e5e4	0xe5e4e6e4	0xe5e4e6e5	0xe5e4e4e4
0x1c04eb10:	0xe5e4e4e4	0xe4e4e4e3	0xe4e3e4e4	0xe4e3e4e4
0x1c04eb20:	0xe6e4e4e4	0xe4e4e6e4	0xe5e5e5e4	0xe5e4e5e4
0x1c04eb30:	0xe4e5e5e4	0xe4e4e4e4	0xe4e3e4e4	0xe4e3e4e4
