0x1c04e940:	0xf9f8f9f9	0xf8f8f9f8	0xf9f9f9f8	0xf9f9f9f9
0x1c04e950:	0xf9f9f8f9	0xf9f8f9f9	0xf8f8f9f8	0xf9f9f9f8
0x1c04e960:	0xfaf9f9f9	0xf9f9f8f8	0xf9f9f9f8	0xf9f9f9f9
0x1c04e970:	0xf9f9faf8	0xf9f8f9f9	0xf9f9f9f8	0xf9f9f9f9
0x1c04e980:	0xf9f8faf9	0xf8f9f9f9	0xfaf8faf9	0xf9f9faf9
0x1c04e990:	0xf9f8f9f9	0xf9f9f9f9	0xf8f9f9f9	0xf8f9f9f9
0x1c04e9a0:	0xf9f9f9f8	0xf9f9f9f9	0xfaf9f9f9	0xf9f9f9f9
0x1c04e9b0:	0xf9f9fbf8	0xf9f9f9f9	0xf9f8f9f9	0xf9f9f8f9
0x1c04e9c0:	0xf9f9f9f9	0xf9f9f9f9	0xf9f9f9f9	0xf9f9f9f9
0x1c04e9d0:	0xf9f9f9f9	0xf9f8f9f9	0xf8f9f9f9	0xf9f8f9f9
0x1c04e9e0:	0xf9f9f9f9	0xf9f9f9f8	0xf9f9f9f9	0xfaf9f9f8
0x1c04e9f0:	0xf9f9f9f9	0xf9f9f9f8	0xf9f9f9f8	0xf9f8f9f9
0x1c04ea00:	0xf9f9f9f9	0xf9faf9f9	0xf9f8f9f9	0xf8f9f9f9
0x1c04ea10:	0xf9f9faf9	0xf8f9f9f9	0xf9f9faf9	0xf9f9f9f9
0x1c04ea20:	0xf9f9f9f9	0xf9f8f9f9	0xf9f8f9f9	0xf9f9f9f9
0x1c04ea30:	0xf9f9f9f9	0xf9f9f9f9	0xfaf9f9f8	0xf9f8f9f9
0x1c04ea40:	0xf9f9f9f9	0xf9f9f9f8	0xf9faf9fa	0xfbf9f9f9
0x1c04ea50:	0xf9f9f9f9	0xf9f9f9f9	0xfaf9f9f9	0xf9f9f9f9
0x1c04ea60:	0xfaf8f9f9	0xf9f9f9f9	0xf9f9f9f9	0xf8f9f9f9
0x1c04ea70:	0xfaf9f9f9	0xf9f9f9f9	0xf9f9f9f9	0xf9f9f9f9
0x1c04ea80:	0xfbf9f9f9	0xf9f9f9f8	0xfbfaf9f9	0xf9f9f9f9
0x1c04ea90:	0xf9f9f9f9	0xf9f9f9f8	0xf9f8f9f9	0xf9f9f9f9
0x1c04eaa0:	0xf9f9f9f9	0xfaf9f9f9	0xf9f9f9f9	0xfaf9f9f9
0x1c04eab0:	0xf9f9faf9	0xf9f9f9f9	0xf9f8faf9	0xf9f9f9f9
0x1c04eac0:	0xfaf9f9f9	0xf9f9f9f9	0xf9f9f9f9	0xf9f9f9f9
0x1c04ead0:	0xf9f8f9f8	0xf9f9f9f9	0xf9f9f9f9	0xfaf9f8f8
0x1c04eae0:	0xf9f9f9f9	0xf9f9f9f9	0xf9f9f9f9	0xf9f9f9f9
0x1c04eaf0:	0xf9f9faf9	0xf9f9f9f9	0xf9f9f9f9	0xf9f8f9f9
0x1c04eb00:	0xf9f9f9fa	0xf9f9faf9	0xf9f9f9fa	0xfaf9f9f9
0x1c04eb10:	0xf9f9f9f9	0xf9f9f9f9	0xf9f8f9f9	0xf9f9f9f9
0x1c04eb20:	0xf9f9f9f9	0xf9f9faf9	0xf9faf9f8	0xf9f9faf9
0x1c04eb30:	0xf9faf9f9	0xf9f9f9f9	0xf9f9f9f9	0xf9f9f9f9
