0x1c04e940:	0x07070708	0x07070807	0x07080807	0x07070708
0x1c04e950:	0x08080708	0x07070808	0x07070807	0x08090807
0x1c04e960:	0x07070708	0x07070707	0x07070707	0x07070708
0x1c04e970:	0x07080807	0x08070808	0x08080707	0x07080808
0x1c04e980:	0x07070808	0x07070707	0x08070807	0x08070808
0x1c04e990:	0x07070808	0x08080708	0x07080808	0x07080808
0x1c04e9a0:	0x07070707	0x08080707	0x08070707	0x07080708
0x1c04e9b0:	0x07080807	0x07080708	0x07070809	0x08080708
0x1c04e9c0:	0x07080808	0x07080708	0x07070708	0x07070708
0x1c04e9d0:	0x08080708	0x08080708	0x07080808	0x08070808
0x1c04e9e0:	0x07080708	0x08080707	0x08080707	0x08080708
0x1c04e9f0:	0x08080707	0x07080707	0x07080807	0x08080808
0x1c04ea00:	0x07080708	0x08080808	0x08070707	0x07080708
0x1c04ea10:	0x07080808	0x07080708	0x08080908	0x08090808
0x1c04ea20:	0x07070707	0x08070807	0x08070808	0x07080808
0x1c04ea30:	0x08080708	0x08080808	0x08080807	0x08070707
0x1c04ea40:	0x08080707	0x08080707	0x08080808	0x08080808
0x1c04ea50:	0x08080807	0x07080808	0x08080808	0x08080808
0x1c04ea60:	0x07070708	0x08080708	0x08080808	0x07080707
0x1c04ea70:	0x09090808	0x07080808	0x08080808	0x08080807
0x1c04ea80:	0x08080708	0x08080807	0x08090708	0x08080708
0x1c04ea90:	0x07080708	0x07080807	0x08070808	0x08090808
0x1c04eaa0:	0x07070707	0x08080808	0x08080807	0x08080808
0x1c04eab0:	0x08080908	0x08070808	0x08080908	0x07080808
0x1c04eac0:	0x08080708	0x08080807	0x07070808	0x08080808
0x1c04ead0:	0x08070807	0x08080808	0x08080808	0x09080707
0x1c04eae0:	0x07080708	0x08070808	0x08080809	0x08080807
0x1c04eaf0:	0x08080908	0x08080808	0x08080808	0x08070808
0x1c04eb00:	0x07080808	0x08080808	0x08080808	0x08080808
0x1c04eb10:	0x08080808	0x07070708	0x07070808	0x08080808
0x1c04eb20:	0x07080808	0x08080807	0x08080707	0x07080808
0x1c04eb30:	0x07090708	0x08090808	0x07080808	0x08080808
