0x1c04e940:	0xecebecec	0xebebece9	0xebebecec	0xecebeceb
0x1c04e950:	0xecececec	0xeceaeceb	0xeceaeceb	0xecebecea
0x1c04e960:	0xececebec	0xecebecea	0xebececeb	0xebebecec
0x1c04e970:	0xecebece9	0xeceaebeb	0xececebeb	0xececebeb
0x1c04e980:	0xecebeceb	0xecebecec	0xece9eceb	0xecebeceb
0x1c04e990:	0xecebeceb	0xebecebec	0xebebeceb	0xebebebeb
0x1c04e9a0:	0xececebeb	0xecececec	0xecebecec	0xecebeceb
0x1c04e9b0:	0xecececeb	0xecececec	0xebeaebec	0xecebebec
0x1c04e9c0:	0xecececeb	0xebebebec	0xecebebeb	0xecebeceb
0x1c04e9d0:	0xececebec	0xecebeceb	0xecececeb	0xece9ebeb
0x1c04e9e0:	0xecebebec	0xecebecea	0xecececec	0xecebebeb
0x1c04e9f0:	0xebebeceb	0xececebeb	0xebebeceb	0xebebeceb
0x1c04ea00:	0xecebeceb	0xecececeb	0xecebecec	0xebeaebec
0x1c04ea10:	0xebececec	0xebebebeb	0xecebecea	0xebececec
0x1c04ea20:	0xecebecec	0xecebeceb	0xecebeceb	0xebebecec
0x1c04ea30:	0xecebecec	0xecebeceb	0xecebebeb	0xeceaebeb
0x1c04ea40:	0xecececeb	0xecececeb	0xecececeb	0xecebecec
0x1c04ea50:	0xecececec	0xebebebeb	0xecebeceb	0xecececeb
0x1c04ea60:	0xecebecec	0xecececec	0xecececec	0xebebebeb
0x1c04ea70:	0xecebeceb	0xebebeceb	0xecebeceb	0xebebecec
0x1c04ea80:	0xecebebec	0xecebeceb	0xececebeb	0xebebecec
0x1c04ea90:	0xecececeb	0xebebebea	0xece9eceb	0xececebeb
0x1c04eaa0:	0xecebebeb	0xecececec	0xecececec	0xecececeb
0x1c04eab0:	0xecebeceb	0xecebebeb	0xeceaecea	0xebebebeb
0x1c04eac0:	0xecebecec	0xecececec	0xecebecec	0xecebecec
0x1c04ead0:	0xecebebea	0xecebeceb	0xebebebeb	0xecebebeb
0x1c04eae0:	0xecebebeb	0xebeaecec	0xecececec	0xecebecec
0x1c04eaf0:	0xecebeceb	0xecececea	0xecebebeb	0xeceaebec
0x1c04eb00:	0xecebeceb	0xecebeceb	0xecececec	0xecececeb
0x1c04eb10:	0xecebeceb	0xebebebeb	0xebebeceb	0xecebebeb
0x1c04eb20:	0xecebebeb	0xecebeceb	0xecececeb	0xecebeceb
0x1c04eb30:	0xebecebeb	0xebebeceb	0xecebecea	0xebebebec
