0.7999991941011775,0.0002838963245497062,False
0.7999991941011775,0.0002840033969919156,False
0.7999991941011775,0.0002840033969919156,False
0.800000790816689,0.00028421754187633527,False
0.800000790816689,0.00028421754187633527,False
0.7999991941011775,0.00028432461431854555,False
0.7999991941011775,0.00028464583164517464,False
0.800000790816689,0.00028464583164517464,False
0.7999991941011775,0.00028453875920296436,False
0.7999991941011775,0.00028475290408738405,False
0.800000790816689,0.0002848599765295943,False
0.7999991941011775,0.00028507412141401314,False
0.7999991941011775,0.00028507412141401314,False
0.7999991941011775,0.0002852882662984328,False
0.8000023875322005,0.00028496704897180373,False
0.7999975973856659,0.00028507412141401314,False
0.800000790816689,0.0002851811938562234,False
0.7999991941011775,0.0002852882662984328,False
0.800000790816689,0.0002852882662984328,False
0.7999991941011775,0.0002855024111828525,False
0.7999991941011775,0.0002856094836250628,False
0.800000790816689,0.0002855024111828525,False
0.7999991941011775,0.00028571655606727305,False
0.7999991941011775,0.00028571655606727305,False
0.800000790816689,0.00028593070095169273,False
0.7999991941011775,0.00028571655606727305,False
0.800000790816689,0.00028593070095169273,False
0.7999991941011775,0.00028614484583611155,False
0.7999991941011775,0.00028603777339390214,False
0.800000790816689,0.00028593070095169273,False
0.7999991941011775,0.00028635899072053123,False
0.800000790816689,0.0002862519182783218,False
0.7999991941011775,0.00028614484583611155,False
0.7999991941011775,0.00028614484583611155,False
0.800000790816689,0.0002865731356049509,False
0.7999991941011775,0.00028635899072053123,False
0.7999991941011775,0.0002865731356049509,False
0.800000790816689,0.0002866802080471603,False
0.7999991941011775,0.0002865731356049509,False
0.800000790816689,0.0002866802080471603,False
0.7999991941011775,0.0002866802080471603,False
0.7999991941011775,0.0002866802080471603,False
0.800000790816689,0.00028689435293158,False
0.7999991941011775,0.00028689435293158,False
0.7999991941011775,0.0002871084978159997,False
0.800000790816689,0.0002870014253737903,False
0.7999991941011775,0.0002871084978159997,False
0.800000790816689,0.0002871084978159997,False
0.7999991941011775,0.00028742971514262965,False
0.7999991941011775,0.00028721557025820996,False
0.7999991941011775,0.00028721557025820996,False
0.800000790816689,0.00028732264270041937,False
0.800000790816689,0.00028742971514262965,False
0.7999991941011775,0.00028732264270041937,False
0.7999991941011775,0.00028732264270041937,False
0.800000790816689,0.00028753678758483905,False
0.7999991941011775,0.00028753678758483905,False
0.7999991941011775,0.00028775093246925874,False
0.7999991941011775,0.000287858004911469,False
0.800000790816689,0.000287858004911469,False
0.800000790816689,0.00028775093246925874,False
0.7999991941011775,0.00028775093246925874,False
0.7999991941011775,0.0002879650773536784,False
0.7999991941011775,0.0002880721497958887,False
0.800000790816689,0.0002879650773536784,False
0.7999991941011775,0.0002880721497958887,False
0.800000790816689,0.0002880721497958887,False
0.7999991941011775,0.0002882862946803075,False
0.800000790816689,0.0002881792222380981,False
0.7999991941011775,0.0002881792222380981,False
0.7999991941011775,0.0002882862946803075,False
0.800000790816689,0.0002883933671225178,False
0.7999991941011775,0.0002885004395647272,False
0.800000790816689,0.0002885004395647272,False
0.7999991941011775,0.0002885004395647272,False
0.7999991941011775,0.0002883933671225178,False
0.800000790816689,0.00028860751200693747,False
0.7999991941011775,0.00028860751200693747,False
0.800000790816689,0.00028860751200693747,False
0.7999991941011775,0.0002887145844491469,False
0.7999991941011775,0.0002887145844491469,False
0.800000790816689,0.0002887145844491469,False
0.7999991941011775,0.00028882165689135715,False
0.7999991941011775,0.00028882165689135715,False
0.800000790816689,0.00028903580177577683,False
0.7999991941011775,0.00028903580177577683,False
0.7999991941011775,0.00028914287421798624,False
0.800000790816689,0.00028903580177577683,False
0.7999991941011775,0.0002892499466601965,False
0.800000790816689,0.00028892872933356656,False
0.7999991941011775,0.00028914287421798624,False
0.7999991941011775,0.0002892499466601965,False
0.800000790816689,0.0002892499466601965,False
0.7999991941011775,0.0002894640915446162,False
0.7999991941011775,0.0002893570191024059,False
0.7999991941011775,0.00028914287421798624,False
0.800000790816689,0.0002894640915446162,False
0.800000790816689,0.0002892499466601965,False
0.7999991941011775,0.0002893570191024059,False
0.7999991941011775,0.0002895711639868256,False
0.7999991941011775,0.0002892499466601965,False
0.800000790816689,0.0002895711639868256,False
0.7999991941011775,0.0002896782364290359,False
0.800000790816689,0.0002894640915446162,False
0.7999991941011775,0.0002897853088712453,False
0.7999991941011775,0.0002894640915446162,False
0.800000790816689,0.0002896782364290359,False
0.800000790816689,0.0002896782364290359,False
0.7999991941011775,0.0002897853088712453,False
0.7999991941011775,0.0002898923813134547,False
0.7999991941011775,0.0002898923813134547,False
0.800000790816689,0.0002898923813134547,False
0.7999991941011775,0.00029021359864008466,False
0.7999991941011775,0.00028999945375566497,False
0.800000790816689,0.0002901065261978744,False
0.7999991941011775,0.0002901065261978744,False
0.800000790816689,0.00029021359864008466,False
0.7999991941011775,0.00028999945375566497,False
0.7999991941011775,0.00029021359864008466,False
0.800000790816689,0.00029021359864008466,False
0.7999991941011775,0.0002901065261978744,False
0.800000790816689,0.00029021359864008466,False
0.7999991941011775,0.00029021359864008466,False
0.7999991941011775,0.0002901065261978744,False
0.800000790816689,0.00029042774352450434,False
0.7999991941011775,0.00029032067108229406,False
0.7999991941011775,0.00029032067108229406,False
0.800000790816689,0.00029053481596671375,False
0.7999991941011775,0.00029042774352450434,False
0.800000790816689,0.00029053481596671375,False
0.7999991941011775,0.00029053481596671375,False
0.800000790816689,0.00029074896085113343,False
0.7999991941011775,0.00029042774352450434,False
0.7999991941011775,0.00029074896085113343,False
0.7999991941011775,0.000290641888408924,False
0.7999991941011775,0.000290641888408924,False
0.800000790816689,0.0002908560332933437,False
0.800000790816689,0.00029074896085113343,False
0.7999991941011775,0.00029074896085113343,False
0.7999991941011775,0.0002908560332933437,False
0.7999991941011775,0.00029074896085113343,False
0.800000790816689,0.0002909631057355531,False
0.800000790816689,0.0002910701781777634,False
0.7999991941011775,0.0002909631057355531,False
0.7999991941011775,0.0002909631057355531,False
0.800000790816689,0.0002911772506199728,False
0.7999991941011775,0.0002911772506199728,False
0.800000790816689,0.0002910701781777634,False
0.7999991941011775,0.00029128432306218307,False
0.7999991941011775,0.0002911772506199728,False
0.800000790816689,0.0002911772506199728,False
0.7999991941011775,0.00029128432306218307,False
0.800000790816689,0.0002911772506199728,False
0.7999991941011775,0.00029128432306218307,False
0.7999991941011775,0.0002911772506199728,False
0.800000790816689,0.00029128432306218307,False
0.7999975973856659,0.0010197784517471686,False
0.7999991941011775,0.0007166831359617524,False
0.800000790816689,0.0007170043532883814,False
0.7999991941011775,0.000716897280846172,False
0.800000790816689,0.0007170043532883814,False
0.7999991941011775,0.0007173255706150114,False
0.800000790816689,0.0007174326430572212,False
0.7999991941011775,0.0007175397154994306,False
0.7999991941011775,0.0007173255706150114,False
0.800000790816689,0.000735420813348469,False
0.7999991941011775,0.0007200023816702566,False
0.7999991941011775,0.0007202165265546758,False
0.7999991941011775,0.0007203235989968861,False
0.800000790816689,0.0007204306714390955,False
0.7999991941011775,0.0007205377438813058,False
0.800000790816689,0.0007205377438813058,False
0.7999991941011775,0.0007204306714390955,False
0.7999991941011775,0.000720751888765725,False
0.800000790816689,0.000720751888765725,False
0.7999991941011775,0.0007209660336501447,False
0.800000790816689,0.0007209660336501447,False
0.7999991941011775,0.0007209660336501447,False
0.7999991941011775,0.0007211801785345644,False
0.800000790816689,0.0007212872509767738,False
0.7999991941011775,0.0007211801785345644,False
0.800000790816689,0.0007213943234189841,False
0.7999991941011775,0.0007213943234189841,False
0.7999991941011775,0.000721822613187823,False
0.800000790816689,0.000722143830514453,False
0.7999991941011775,0.0007220367580722427,False
0.800000790816689,0.0007222509029566624,False
0.7999991941011775,0.0007222509029566624,False
0.7999991941011775,0.000722465047841082,False
0.7999991941011775,0.000722465047841082,False
0.800000790816689,0.000722465047841082,False
0.7999991941011775,0.0007225721202832919,False
0.800000790816689,0.0007225721202832919,False
0.7999991941011775,0.0007226791927255017,False
0.800000790816689,0.0007230004100521313,False
0.7999991941011775,0.0007231074824943407,False
0.7999991941011775,0.000722893337609921,False
0.800000790816689,0.0007231074824943407,False
0.7999991941011775,0.0007232145549365509,False
0.7999991941011775,0.0007233216273787603,False
0.800000790816689,0.0007232145549365509,False
0.7999991941011775,0.0007233216273787603,False
0.7999991941011775,0.0007233216273787603,False
0.800000790816689,0.00072353577226318,False
0.7999991941011775,0.0007234286998209702,False
0.7999991941011775,0.0007403461456901204,False
0.800000790816689,0.0007230004100521313,False
0.7999991941011775,0.0007231074824943407,False
0.800000790816689,0.0007233216273787603,False
0.7999991941011775,0.0007231074824943407,False
0.800000790816689,0.0007232145549365509,False
0.7999991941011775,0.0007234286998209702,False
0.800000790816689,0.0007232145549365509,False
0.7999991941011775,0.0007234286998209702,False
0.7999991941011775,0.0007231074824943407,False
0.7999991941011775,0.0007234286998209702,False
0.7999991941011775,0.0007234286998209702,False
0.8000023875322005,0.0007234286998209702,False
0.7999991941011775,0.0007234286998209702,False
0.7999991941011775,0.0007236428447053899,False
0.800000790816689,0.0007236428447053899,False
0.7999975973856659,0.0007236428447053899,False
0.800000790816689,0.0007237499171476001,False
0.800000790816689,0.0007238569895898096,False
0.7999991941011775,0.0007240711344742292,False
0.7999991941011775,0.0007241782069164391,False
0.800000790816689,0.0007242852793586489,False
0.7999991941011775,0.0007243923518008588,False
0.7999991941011775,0.0007242852793586489,False
0.7999991941011775,0.0007244994242430682,False
0.800000790816689,0.0007246064966852784,False
0.800000790816689,0.0007244994242430682,False
0.7999991941011775,0.0007246064966852784,False
0.7999991941011775,0.0007248206415696981,False
0.800000790816689,0.0007244994242430682,False
0.7999991941011775,0.0007246064966852784,False
0.7999991941011775,0.0007248206415696981,False
0.7999991941011775,0.0007247135691274879,False
0.800000790816689,0.0007248206415696981,False
0.800000790816689,0.0007247135691274879,False
0.7999991941011775,0.0007247135691274879,False
0.7999991941011775,0.0007248206415696981,False
0.800000790816689,0.0007250347864541174,False
0.7999991941011775,0.0007249277140119075,False
0.7999991941011775,0.0007250347864541174,False
0.800000790816689,0.0007250347864541174,False
0.7999991941011775,0.0007419522323232675,False
0.7999991941011775,0.0007242852793586489,False
0.800000790816689,0.0007242852793586489,False
0.7999991941011775,0.0007243923518008588,False
0.800000790816689,0.0007242852793586489,False
0.7999991941011775,0.0007244994242430682,False
0.7999991941011775,0.0007246064966852784,False
0.7999991941011775,0.0007242852793586489,False
0.800000790816689,0.0007246064966852784,False
0.800000790816689,0.0007244994242430682,False
0.7999975973856659,0.0007246064966852784,False
0.800000790816689,0.0007244994242430682,False
0.800000790816689,0.0007247135691274879,False
0.7999991941011775,0.0007246064966852784,False
0.800000790816689,0.0007250347864541174,False
0.7999991941011775,0.0007247135691274879,False
0.800000790816689,0.0007249277140119075,False
0.7999975973856659,0.0007249277140119075,False
0.800000790816689,0.0007252489313385371,False
0.800000790816689,0.0007251418588963272,False
0.7999991941011775,0.0007250347864541174,False
0.7999991941011775,0.0007253560037807469,False
0.800000790816689,0.0007253560037807469,False
0.7999991941011775,0.0007253560037807469,False
0.7999991941011775,0.0007252489313385371,False
0.800000790816689,0.0007254630762229567,False
0.800000790816689,0.0007255701486651661,False
0.7999991941011775,0.0007255701486651661,False
0.7999991941011775,0.0007254630762229567,False
0.800000790816689,0.0007254630762229567,False
0.7999991941011775,0.0007255701486651661,False
0.7999991941011775,0.0007256772211073764,False
0.7999991941011775,0.0007256772211073764,False
0.800000790816689,0.0007256772211073764,False
0.7999991941011775,0.0007256772211073764,False
0.800000790816689,0.0007256772211073764,False
0.7999991941011775,0.0007256772211073764,False
0.7999991941011775,0.0007258913659917961,False
0.800000790816689,0.0007258913659917961,False
0.7999991941011775,0.0007431300291875754,False
0.800000790816689,0.0007261055108762154,False
0.7999991941011775,0.0007264267282028453,False
0.7999991941011775,0.000725998438434006,False
0.800000790816689,0.0007261055108762154,False
0.7999991941011775,0.000725998438434006,False
0.7999991941011775,0.000725998438434006,False
0.800000790816689,0.0007262125833184256,False
0.7999991941011775,0.0007262125833184256,False
0.800000790816689,0.0007264267282028453,False
0.7999991941011775,0.000726319655760635,False
0.800000790816689,0.000726319655760635,False
0.7999991941011775,0.000726319655760635,False
0.7999991941011775,0.0007264267282028453,False
0.7999991941011775,0.0007265338006450547,False
0.800000790816689,0.000726319655760635,False
0.7999991941011775,0.0007265338006450547,False
0.800000790816689,0.0007265338006450547,False
0.7999991941011775,0.0007267479455294744,False
0.7999991941011775,0.0007268550179716842,False
0.800000790816689,0.0007267479455294744,False
0.7999991941011775,0.0007270691628561039,False
0.7999991941011775,0.0007269620904138941,False
0.800000790816689,0.0007270691628561039,False
0.7999991941011775,0.0007271762352983133,False
0.800000790816689,0.0007272833077405236,False
0.7999991941011775,0.0007272833077405236,False
0.7999991941011775,0.0007270691628561039,False
0.800000790816689,0.0007272833077405236,False
0.7999991941011775,0.0007272833077405236,False
0.800000790816689,0.000727390380182733,False
0.7999991941011775,0.0007272833077405236,False
0.7999991941011775,0.000727390380182733,False
0.7999991941011775,0.0007274974526249433,False
0.800000790816689,0.0007274974526249433,False
0.7999991941011775,0.000727390380182733,False
0.800000790816689,0.000727390380182733,False
0.7999991941011775,0.0007276045250671527,False
0.7999991941011775,0.000727390380182733,False
0.800000790816689,0.0007277115975093625,False
0.7999991941011775,0.0007447361158207221,False
0.7999991941011775,0.0007268550179716842,False
0.800000790816689,0.0007267479455294744,False
0.7999991941011775,0.0007269620904138941,False
0.800000790816689,0.0007271762352983133,False
0.800000790816689,0.0007269620904138941,False
0.7999975973856659,0.0007270691628561039,False
0.7999991941011775,0.0007266408730872646,False
0.800000790816689,0.0007271762352983133,False
0.800000790816689,0.0007270691628561039,False
0.7999991941011775,0.0007271762352983133,False
0.800000790816689,0.0007272833077405236,False
0.7999991941011775,0.0007269620904138941,False
0.7999991941011775,0.0007269620904138941,False
0.7999991941011775,0.0007268550179716842,False
0.800000790816689,0.0007269620904138941,False
0.800000790816689,0.0007270691628561039,False
0.7999991941011775,0.0007270691628561039,False
0.7999991941011775,0.0007272833077405236,False
0.800000790816689,0.0007271762352983133,False
0.7999991941011775,0.000727390380182733,False
0.7999991941011775,0.0007271762352983133,False
0.800000790816689,0.0007272833077405236,False
0.7999991941011775,0.0007272833077405236,False
0.7999991941011775,0.000727390380182733,False
0.7999991941011775,0.000727390380182733,False
0.800000790816689,0.000727390380182733,False
0.800000790816689,0.0007274974526249433,False
0.7999991941011775,0.0007274974526249433,False
0.7999991941011775,0.0007274974526249433,False
0.800000790816689,0.0007274974526249433,False
0.7999991941011775,0.0007276045250671527,False
0.7999991941011775,0.0007274974526249433,False
0.800000790816689,0.0007276045250671527,False
0.7999991941011775,0.0007276045250671527,False
0.7999991941011775,0.0007276045250671527,False
0.800000790816689,0.0007276045250671527,False
0.7999991941011775,0.0007278186699515724,False
0.800000790816689,0.0007278186699515724,False
0.7999991941011775,0.0007449502607051418,False
0.800000790816689,0.0007277115975093625,False
0.7999975973856659,0.0007277115975093625,False
0.800000790816689,0.0007277115975093625,False
0.800000790816689,0.0007280328148359925,False
0.7999991941011775,0.0007279257423937822,False
0.7999991941011775,0.0007278186699515724,False
0.800000790816689,0.0007279257423937822,False
0.7999991941011775,0.0007279257423937822,False
0.7999991941011775,0.0007281398872782019,False
0.800000790816689,0.0007280328148359925,False
0.7999991941011775,0.0007279257423937822,False
0.800000790816689,0.0007280328148359925,False
0.7999991941011775,0.0007280328148359925,False
0.7999991941011775,0.0007280328148359925,False
0.800000790816689,0.0007281398872782019,False
0.7999991941011775,0.0007279257423937822,False
0.7999991941011775,0.0007282469597204122,False
0.800000790816689,0.0007284611046048314,False
0.800000790816689,0.0007285681770470413,False
0.7999975973856659,0.0007283540321626216,False
0.800000790816689,0.0007285681770470413,False
0.7999991941011775,0.0007284611046048314,False
0.800000790816689,0.0007285681770470413,False
0.7999991941011775,0.0007285681770470413,False
0.7999991941011775,0.0007285681770470413,False
0.800000790816689,0.0007285681770470413,False
0.7999991941011775,0.0007286752494892511,False
0.800000790816689,0.0007285681770470413,False
0.7999991941011775,0.0007284611046048314,False
0.7999991941011775,0.0007287823219314605,False
0.7999991941011775,0.0007287823219314605,False
0.800000790816689,0.0007286752494892511,False
0.800000790816689,0.0007289964668158802,False
0.7999991941011775,0.0007287823219314605,False
0.800000790816689,0.0007285681770470413,False
0.7999991941011775,0.0007287823219314605,False
0.7999991941011775,0.0007288893943736708,False
0.7999991941011775,0.0007288893943736708,False
0.800000790816689,0.0007458068402428205,False
0.800000790816689,0.0007282469597204122,False
0.7999991941011775,0.0007282469597204122,False
0.7999991941011775,0.0007283540321626216,False
0.800000790816689,0.0007284611046048314,False
0.7999975973856659,0.0007283540321626216,False
0.800000790816689,0.0007283540321626216,False
0.7999991941011775,0.0007282469597204122,False
0.800000790816689,0.0007284611046048314,False
0.7999991941011775,0.0007283540321626216,False
0.800000790816689,0.0007284611046048314,False
0.7999991941011775,0.0007283540321626216,False
0.7999991941011775,0.0007283540321626216,False
0.800000790816689,0.0007283540321626216,False
0.7999991941011775,0.0007282469597204122,False
0.7999991941011775,0.0007283540321626216,False
0.800000790816689,0.0007283540321626216,False
0.7999991941011775,0.0007285681770470413,False
0.7999991941011775,0.0007286752494892511,False
0.800000790816689,0.0007285681770470413,False
0.7999991941011775,0.0007286752494892511,False
0.800000790816689,0.0007285681770470413,False
0.7999991941011775,0.0007285681770470413,False
0.800000790816689,0.0007286752494892511,False
0.7999991941011775,0.0007285681770470413,False
0.7999991941011775,0.0007285681770470413,False
0.7999991941011775,0.0007285681770470413,False
0.800000790816689,0.0007284611046048314,False
0.7999991941011775,0.0007286752494892511,False
0.800000790816689,0.0007287823219314605,False
0.800000790816689,0.0007287823219314605,False
0.7999991941011775,0.0007286752494892511,False
0.7999991941011775,0.0007286752494892511,False
0.7999991941011775,0.0007288893943736708,False
0.800000790816689,0.0007285681770470413,False
0.7999991941011775,0.0007288893943736708,False
0.7999991941011775,0.0007288893943736708,False
0.800000790816689,0.0007287823219314605,False
0.7999991941011775,0.0007288893943736708,False
0.7999991941011775,0.0007462351300116599,False
0.800000790816689,0.0007296389014691393,False
0.800000790816689,0.0007295318290269294,False
0.7999991941011775,0.0007297459739113491,False
0.7999991941011775,0.0007295318290269294,False
0.7999991941011775,0.0007297459739113491,False
0.7999991941011775,0.0007297459739113491,False
0.800000790816689,0.0007297459739113491,False
0.800000790816689,0.0007297459739113491,False
0.7999991941011775,0.0007296389014691393,False
0.7999991941011775,0.0007298530463535585,False
0.800000790816689,0.0007299601187957688,False
0.7999991941011775,0.0007296389014691393,False
0.7999991941011775,0.0007298530463535585,False
0.800000790816689,0.0007297459739113491,False
0.7999991941011775,0.0007297459739113491,False
0.800000790816689,0.0007298530463535585,False
0.7999991941011775,0.0007298530463535585,False
0.7999991941011775,0.0007298530463535585,False
0.800000790816689,0.0007300671912379786,False
0.800000790816689,0.0007302813361223983,False
0.7999975973856659,0.0007302813361223983,False
0.7999991941011775,0.0007302813361223983,False
0.800000790816689,0.0007301742636801885,False
0.800000790816689,0.0007302813361223983,False
0.7999991941011775,0.0007302813361223983,False
0.7999991941011775,0.0007298530463535585,False
0.800000790816689,0.0007303884085646077,False
0.7999991941011775,0.0007301742636801885,False
0.7999991941011775,0.0007302813361223983,False
0.800000790816689,0.0007303884085646077,False
0.7999991941011775,0.0007302813361223983,False
0.800000790816689,0.0007303884085646077,False
0.7999991941011775,0.0007303884085646077,False
0.7999991941011775,0.0007302813361223983,False
0.800000790816689,0.0007301742636801885,False
0.7999991941011775,0.000730495481006818,False
0.800000790816689,0.0007303884085646077,False
0.7999991941011775,0.0007302813361223983,False
0.7999991941011775,0.0007307096258912377,False
0.7999991941011775,0.000730495481006818,False
0.800000790816689,0.0007475199993181771,False
0.7999991941011775,0.0007300671912379786,False
0.800000790816689,0.0007299601187957688,False
0.7999991941011775,0.0007302813361223983,False
0.800000790816689,0.0007298530463535585,False
0.7999991941011775,0.0007299601187957688,False
0.7999991941011775,0.0007300671912379786,False
0.800000790816689,0.0007298530463535585,False
0.7999991941011775,0.0007302813361223983,False
0.800000790816689,0.0007298530463535585,False
0.7999991941011775,0.0007298530463535585,False
0.7999991941011775,0.0007301742636801885,False
0.800000790816689,0.0007299601187957688,False
0.7999991941011775,0.0007299601187957688,False
0.7999991941011775,0.0007300671912379786,False
0.800000790816689,0.0007301742636801885,False
0.7999991941011775,0.0007299601187957688,False
0.800000790816689,0.0007300671912379786,False
0.7999991941011775,0.0007302813361223983,False
0.800000790816689,0.0007301742636801885,False
0.7999991941011775,0.000730495481006818,False
0.7999991941011775,0.0007303884085646077,False
0.800000790816689,0.000730495481006818,False
0.7999991941011775,0.000730495481006818,False
0.7999991941011775,0.000730495481006818,False
0.7999991941011775,0.0007306025534490274,False
0.800000790816689,0.0007306025534490274,False
0.7999991941011775,0.0007303884085646077,False
0.800000790816689,0.0007306025534490274,False
0.7999991941011775,0.000730495481006818,False
0.800000790816689,0.000730495481006818,False
0.800000790816689,0.0007306025534490274,False
0.7999975973856659,0.000730495481006818,False
0.800000790816689,0.000730495481006818,False
0.7999991941011775,0.000730495481006818,False
0.7999991941011775,0.0007306025534490274,False
0.800000790816689,0.0007306025534490274,False
0.7999991941011775,0.000730495481006818,False
0.800000790816689,0.0007306025534490274,False
0.7999991941011775,0.0007307096258912377,False
0.800000790816689,0.0007308166983334471,False
0.7999991941011775,0.0007476270717603874,False
0.7999991941011775,0.0007307096258912377,False
0.7999991941011775,0.000730495481006818,False
0.800000790816689,0.0007306025534490274,False
0.7999991941011775,0.0007306025534490274,False
0.800000790816689,0.000730495481006818,False
0.7999991941011775,0.0007307096258912377,False
0.7999991941011775,0.0007306025534490274,False
0.800000790816689,0.0007307096258912377,False
0.7999991941011775,0.0007309237707756569,False
0.800000790816689,0.0007308166983334471,False
0.7999991941011775,0.0007308166983334471,False
0.7999991941011775,0.0007308166983334471,False
0.800000790816689,0.000730495481006818,False
0.7999991941011775,0.0007308166983334471,False
0.7999991941011775,0.0007307096258912377,False
0.800000790816689,0.0007308166983334471,False
0.7999991941011775,0.0007308166983334471,False
0.7999991941011775,0.0007308166983334471,False
0.800000790816689,0.0007310308432178668,False
0.7999991941011775,0.0007311379156600766,False
0.7999991941011775,0.0007311379156600766,False
0.800000790816689,0.0007311379156600766,False
0.800000790816689,0.0007310308432178668,False
0.7999991941011775,0.0007312449881022864,False
0.7999991941011775,0.0007310308432178668,False
0.800000790816689,0.0007311379156600766,False
0.7999991941011775,0.0007309237707756569,False
0.7999991941011775,0.0007312449881022864,False
0.7999991941011775,0.0007310308432178668,False
0.800000790816689,0.0007312449881022864,False
0.7999991941011775,0.0007312449881022864,False
0.800000790816689,0.0007311379156600766,False
0.7999991941011775,0.0007311379156600766,False
0.7999991941011775,0.0007310308432178668,False
0.800000790816689,0.0007312449881022864,False
0.7999991941011775,0.0007311379156600766,False
0.800000790816689,0.0007312449881022864,False
0.7999991941011775,0.0007313520605444963,False
0.7999991941011775,0.0007311379156600766,False
0.800000790816689,0.0007313520605444963,False
0.7999991941011775,0.0007313520605444963,False
0.7999991941011775,0.0007312449881022864,False
0.800000790816689,0.0007313520605444963,False
0.800000790816689,0.0007313520605444963,False
0.7999991941011775,0.0007311379156600766,False
0.7999991941011775,0.0007313520605444963,False
0.800000790816689,0.0007314591329867057,False
0.7999991941011775,0.0007313520605444963,False
0.7999991941011775,0.0007312449881022864,False
0.800000790816689,0.0007312449881022864,False
0.7999991941011775,0.000731566205428916,False
0.800000790816689,0.000731566205428916,False
0.7999991941011775,0.0007317803503133356,False
0.7999991941011775,0.0007317803503133356,False
0.7999991941011775,0.0007316732778711254,False
0.800000790816689,0.0007316732778711254,False
0.7999991941011775,0.000731566205428916,False
0.7999991941011775,0.000731566205428916,False
0.800000790816689,0.000731566205428916,False
0.7999991941011775,0.0007316732778711254,False
0.800000790816689,0.0007317803503133356,False
0.7999991941011775,0.000731566205428916,False
0.800000790816689,0.0007317803503133356,False
0.7999991941011775,0.0007314591329867057,False
0.800000790816689,0.0007316732778711254,False
0.7999991941011775,0.000731566205428916,False
0.7999991941011775,0.0007316732778711254,False
0.7999991941011775,0.0007316732778711254,False
0.800000790816689,0.000731566205428916,False
0.7999991941011775,0.0007317803503133356,False
0.800000790816689,0.000731566205428916,False
0.7999991941011775,0.0007316732778711254,False
0.7999991941011775,0.0007317803503133356,False
0.800000790816689,0.0007316732778711254,False
0.7999991941011775,0.0007317803503133356,False
0.7999991941011775,0.0007316732778711254,False
0.800000790816689,0.0007318874227555451,False
0.7999991941011775,0.0007316732778711254,False
0.800000790816689,0.0007319944951977549,False
0.7999991941011775,0.0007316732778711254,False
0.7999991941011775,0.0007317803503133356,False
0.800000790816689,0.0007317803503133356,False
0.7999991941011775,0.0007316732778711254,False
0.7999991941011775,0.0007317803503133356,False
0.800000790816689,0.0007316732778711254,False
0.800000790816689,0.0007318874227555451,False
0.7999991941011775,0.0007318874227555451,False
0.7999991941011775,0.0007318874227555451,False
0.7999991941011775,0.0007319944951977549,False
0.7999991941011775,0.0007319944951977549,False
0.800000790816689,0.0007319944951977549,False
0.800000790816689,0.0007319944951977549,False
0.7999991941011775,0.0007319944951977549,False
0.7999991941011775,0.0007319944951977549,False
0.800000790816689,0.0007318874227555451,False
0.7999991941011775,0.0007319944951977549,False
0.7999991941011775,0.0007319944951977549,False
0.800000790816689,0.0007318874227555451,False
0.7999991941011775,0.0007321015676399647,False
0.800000790816689,0.0007321015676399647,False
0.7999991941011775,0.0007318874227555451,False
0.7999991941011775,0.0007319944951977549,False
0.800000790816689,0.0007321015676399647,False
0.7999991941011775,0.0007321015676399647,False
0.7999991941011775,0.0007321015676399647,False
0.800000790816689,0.0007322086400821746,False
0.800000790816689,0.0007319944951977549,False
0.7999991941011775,0.0007323157125243849,False
0.7999991941011775,0.0007321015676399647,False
0.800000790816689,0.0007322086400821746,False
0.7999991941011775,0.0007323157125243849,False
0.7999991941011775,0.0007321015676399647,False
0.7999991941011775,0.0007322086400821746,False
0.800000790816689,0.0007322086400821746,False
0.800000790816689,0.0007322086400821746,False
0.7999991941011775,0.0007323157125243849,False
0.7999991941011775,0.0007322086400821746,False
0.7999991941011775,0.0007324227849665943,False
0.800000790816689,0.0007325298574088041,False
0.7999991941011775,0.0007324227849665943,False
0.800000790816689,0.000732636929851014,False
0.7999991941011775,0.0007323157125243849,False
0.800000790816689,0.000732636929851014,False
0.7999975973856659,0.0007324227849665943,False
0.800000790816689,0.0007325298574088041,False
0.800000790816689,0.0007324227849665943,False
0.7999991941011775,0.0007324227849665943,False
0.7999991941011775,0.0007323157125243849,False
0.7999991941011775,0.0007324227849665943,False
0.800000790816689,0.0007324227849665943,False
0.7999991941011775,0.0007325298574088041,False
0.800000790816689,0.0007323157125243849,False
0.7999991941011775,0.0007324227849665943,False
0.7999991941011775,0.0007324227849665943,False
0.800000790816689,0.000732636929851014,False
0.7999991941011775,0.0007325298574088041,False
0.7999991941011775,0.0007324227849665943,False
0.800000790816689,0.000732636929851014,False
0.7999991941011775,0.0007325298574088041,False
0.800000790816689,0.0007325298574088041,False
0.7999991941011775,0.000732636929851014,False
0.7999991941011775,0.0007325298574088041,False
0.800000790816689,0.0007325298574088041,False
0.7999991941011775,0.0007325298574088041,False
0.7999991941011775,0.000732636929851014,False
0.800000790816689,0.0007325298574088041,False
0.800000790816689,0.0007322086400821746,False
0.7999991941011775,0.0007325298574088041,False
0.7999991941011775,0.0007327440022932238,False
0.7999991941011775,0.0007327440022932238,False
0.800000790816689,0.0007327440022932238,False
0.7999991941011775,0.0007325298574088041,False
0.7999991941011775,0.0007328510747354336,False
0.800000790816689,0.000732636929851014,False
0.7999991941011775,0.000732636929851014,False
0.800000790816689,0.0007327440022932238,False
0.7999991941011775,0.000732636929851014,False
0.800000790816689,0.000732636929851014,False
0.7999991941011775,0.0007325298574088041,False
0.7999991941011775,0.0007327440022932238,False
0.7999991941011775,0.0007327440022932238,False
0.800000790816689,0.000732636929851014,False
0.7999991941011775,0.0007327440022932238,False
0.800000790816689,0.000732636929851014,False
0.7999991941011775,0.000732636929851014,False
0.7999991941011775,0.0007327440022932238,False
0.800000790816689,0.0007328510747354336,False
0.7999991941011775,0.0007328510747354336,False
0.800000790816689,0.000732636929851014,False
0.800000790816689,0.0007329581471776435,False
0.7999991941011775,0.0007327440022932238,False
0.7999991941011775,0.00040927815437739185,False
0.800000790816689,0.00026580108181624776,False
0.800000790816689,0.0002651586471629896,False
0.7999991941011775,0.00026462328495193994,False
0.7999991941011775,0.00026430206762531085,False
0.800000790816689,0.0002638737778564715,False
0.7999991941011775,0.0002633384156454227,False
0.7999991941011775,0.00026301719831879275,False
0.7999991941011775,0.00026269598099216366,False
0.800000790816689,0.00026237476366553457,False
0.800000790816689,0.0002619464738966952,False
0.7999991941011775,0.00026162525657006525,False
0.7999991941011775,0.00026141111168564556,False
0.800000790816689,0.0002609828219168062,False
0.7999991941011775,0.0002605545321479677,False
0.7999991941011775,0.0002604474597057574,False
0.800000790816689,0.00026012624237912833,False
0.7999991941011775,0.0002600191699369189,False
0.800000790816689,0.00025969795261028897,False
0.7999991941011775,0.0002594838077258693,False
0.7999991941011775,0.0002591625903992402,False
0.800000790816689,0.0002589484455148205,False
0.7999991941011775,0.0002586272281881914,False
0.800000790816689,0.00025841308330377174,False
0.7999991941011775,0.00025830601086156146,False
0.7999991941011775,0.0002580918659771418,False
0.800000790816689,0.0002577706486505127,False
0.7999991941011775,0.000257556503766093,False
0.7999991941011775,0.0002573423588816733,False
0.7999991941011775,0.00025723528643946305,False
0.800000790816689,0.00025691406911283396,False
0.7999991941011775,0.00025691406911283396,False
0.800000790816689,0.0002566999242284143,False
0.800000790816689,0.0002564857793439946,False
0.7999991941011775,0.0002564857793439946,False
0.7999991941011775,0.0002561645620173655,False
0.800000790816689,0.00025605748957515523,False
0.7999991941011775,0.00025573627224852614,False
0.7999991941011775,0.00025573627224852614,False
0.800000790816689,0.00025530798247968677,False
0.7999991941011775,0.00025520091003747736,False
0.7999991941011775,0.0002549867651530577,False
0.7999991941011775,0.0002549867651530577,False
0.8000023875322005,0.0002548796927108474,False
0.7999975973856659,0.00025445140294200804,False
0.800000790816689,0.0002546655478264277,False
0.7999991941011775,0.00025434433049979863,False
0.800000790816689,0.00025413018561537895,False
0.7999991941011775,0.0002540231131731687,False
0.7999991941011775,0.00025380896828874986,False
0.800000790816689,0.00025380896828874986,False
0.7999991941011775,0.0002537018958465396,False
0.7999991941011775,0.00025348775096212077,False
0.800000790816689,0.0002533806785199105,False
0.7999991941011775,0.0002532736060777011,False
0.7999991941011775,0.0002531665336354908,False
0.800000790816689,0.00025305946119328054,False
0.7999991941011775,0.00025273824386665145,False
0.800000790816689,0.00025284531630886085,False
0.7999991941011775,0.00025252409898223176,False
0.800000790816689,0.00025252409898223176,False
0.7999991941011775,0.0002523099540978121,False
0.7999991941011775,0.0002522028816556027,False
0.800000790816689,0.0002523099540978121,False
0.7999991941011775,0.0002520958092133924,False
0.7999991941011775,0.000251988736771183,False
0.800000790816689,0.0002518816643289727,False
0.7999991941011775,0.0002515604470023436,False
0.800000790816689,0.0002515604470023436,False
0.7999991941011775,0.0002515604470023436,False
0.7999991941011775,0.0002514533745601342,False
0.800000790816689,0.00025123922967571453,False
0.7999991941011775,0.00025113215723350426,False
0.7999991941011775,0.0002509180123490846,False
0.800000790816689,0.0002509180123490846,False
0.7999991941011775,0.000251025084791294,False
0.800000790816689,0.0002509180123490846,False
0.7999991941011775,0.0002507038674646649,False
0.800000790816689,0.0002505967950224555,False
0.7999991941011775,0.0002504897225802452,False
0.7999991941011775,0.0002503826501380358,False
0.800000790816689,0.0002504897225802452,False
0.7999991941011775,0.00025027557769582553,False
0.7999991941011775,0.0002501685052536161,False
0.800000790816689,0.0002501685052536161,False
0.7999991941011775,0.00024984728792698703,False
0.7999991941011775,0.0002500614328114067,False
0.800000790816689,0.00024984728792698703,False
0.800000790816689,0.00024984728792698703,False
0.7999975973856659,0.00024974021548477675,False
0.800000790816689,0.00024952607060035707,False
0.7999991941011775,0.00024963314304256735,False
0.800000790816689,0.00024941899815814766,False
0.7999991941011775,0.00024941899815814766,False
0.7999991941011775,0.0002493119257159374,False
0.800000790816689,0.0002490977808315177,False
0.7999991941011775,0.0002490977808315177,False
0.800000790816689,0.000249204853273728,False
0.7999991941011775,0.0002489907083893083,False
0.7999991941011775,0.000248883635947098,False
0.800000790816689,0.0002489907083893083,False
0.7999991941011775,0.0002487765635048886,False
0.800000790816689,0.0002489907083893083,False
0.7999975973856659,0.0002487765635048886,False
0.800000790816689,0.0002487765635048886,False
0.800000790816689,0.0002484553461782595,False
