0x1c04e940:	0xfdfcfefe	0xfcfdfefe	0xfcfefefe	0xfefdfefd
0x1c04e950:	0xfefefefe	0xfefcfefd	0xfcfcfefc	0xfefefefc
0x1c04e960:	0xfefefcfe	0xfefefefc	0xfcfefdfc	0xfcfefdfe
0x1c04e970:	0xfcfefefc	0xfefcfdfe	0xfefefcfe	0xfdfefcfe
0x1c04e980:	0xfcfcfefe	0xfcfcfdfe	0xfefcfefc	0xfefcfefc
0x1c04e990:	0xfefefefd	0xfdfefcfe	0xfcfcfefd	0xfcfcfdfe
0x1c04e9a0:	0xfefefcfc	0xfefefcfe	0xfefcfefe	0xfefdfefd
0x1c04e9b0:	0xfefefefc	0xfefefefe	0xfcfcfdfe	0xfefefcfe
0x1c04e9c0:	0xfcfefefc	0xfcfdfcfe	0xfcfdfefd	0xfefcfdfd
0x1c04e9d0:	0xfefefcfe	0xfefcfdfd	0xfcfefefd	0xfefcfcfc
0x1c04e9e0:	0xfefefcfe	0xfefefefc	0xfefefefe	0xfefdfcfc
0x1c04e9f0:	0xfdfcfdfc	0xfdfefdfc	0xfcfefdfe	0xfcfdfcfc
0x1c04ea00:	0xfefefefd	0xfefefefe	0xfdfcfdfe	0xfcfcfcfe
0x1c04ea10:	0xfcfefefe	0xfcfdfcfe	0xfefdfefd	0xfcfefefe
0x1c04ea20:	0xfcfcfefc	0xfefcfefc	0xfdfcfefd	0xfcfcfefe
0x1c04ea30:	0xfdfcfcfe	0xfefefdfd	0xfefcfdfc	0xfefcfcfc
0x1c04ea40:	0xfdfefefd	0xfdfefefc	0xfefefefe	0xfefdfefe
0x1c04ea50:	0xfdfefdfd	0xfcfdfcfe	0xfefdfdfc	0xfefefdfc
0x1c04ea60:	0xfefcfefe	0xfefefdfe	0xfdfefdfe	0xfcfdfcfc
0x1c04ea70:	0xfefefefd	0xfdfdfefe	0xfefdfdfd	0xfdfdfdfe
0x1c04ea80:	0xfefdfdfe	0xfefcfefc	0xfefefcfd	0xfdfefdfe
0x1c04ea90:	0xfcfdfdfe	0xfcfdfdfc	0xfefcfdfc	0xfefefdfd
0x1c04eaa0:	0xfdfcfcfd	0xfefefefe	0xfefefefd	0xfefefdfd
0x1c04eab0:	0xfdfefefe	0xfdfefdfe	0xfdfcfefd	0xfcfdfdfe
0x1c04eac0:	0xfefdfefe	0xfefefefe	0xfefdfefe	0xfdfdfefe
0x1c04ead0:	0xfefefdfc	0xfefdfdfd	0xfdfdfdfe	0xfefefcfc
0x1c04eae0:	0xfdfdfcfe	0xfdfcfefe	0xfdfefdfe	0xfdfcfefd
0x1c04eaf0:	0xfdfdfefc	0xfefefdfc	0xfdfefdfd	0xfefcfdfd
0x1c04eb00:	0xfdfefdfe	0xfdfdfdfd	0xfefdfefe	0xfdfefdfe
0x1c04eb10:	0xfdfdfdfe	0xfcfdfcfd	0xfcfcfdfd	0xfdfdfefd
0x1c04eb20:	0xfcfdfdfd	0xfefdfefc	0xfdfefdfc	0xfdfdfefc
0x1c04eb30:	0xfdfefdfd	0xfdfdfdfd	0xfdfefdfd	0xfdfdfdfd
