0x1c04e940:	0xffffffff	0xfeffffff	0xffffffff	0xffffffff
0x1c04e950:	0xffffffff	0xffffffff	0xffffffff	0xffffffff
0x1c04e960:	0xfffffeff	0xffffffff	0xffffffff	0xffffffff
0x1c04e970:	0xffffffff	0xffffffff	0xffffffff	0xffffffff
0x1c04e980:	0xfffeffff	0xffffffff	0xfffefffe	0xffffffff
0x1c04e990:	0xffffffff	0xffffffff	0xffffffff	0xfeffffff
0x1c04e9a0:	0xfffffeff	0xffffffff	0xffffffff	0xffffffff
0x1c04e9b0:	0xffffffff	0xffffffff	0xffffffff	0xffffffff
0x1c04e9c0:	0xffffffff	0xfffffeff	0xffffffff	0xffffffff
0x1c04e9d0:	0xffffffff	0xffffffff	0xffffffff	0xfffeffff
0x1c04e9e0:	0xfffffeff	0xfffffffe	0xffffffff	0xfffffeff
0x1c04e9f0:	0xffffffff	0xffffffff	0xffffffff	0xfffffffe
0x1c04ea00:	0xffffffff	0xffffffff	0xffffffff	0xffffffff
0x1c04ea10:	0xffffffff	0xfeffffff	0xffffffff	0xffffffff
0x1c04ea20:	0xfefeffff	0xfffffffe	0xfffeffff	0xfefeffff
0x1c04ea30:	0xfffffeff	0xffffffff	0xffffffff	0xffffffff
0x1c04ea40:	0xffffffff	0xfffffffe	0xffffffff	0xffffffff
0x1c04ea50:	0xffffffff	0xfeffffff	0xffffffff	0xffffffff
0x1c04ea60:	0xffffffff	0xffffffff	0xffffffff	0xfefffeff
0x1c04ea70:	0xffffffff	0xffffffff	0xffffffff	0xffffffff
0x1c04ea80:	0xffffffff	0xffffffff	0xfffffeff	0xffffffff
0x1c04ea90:	0xffffffff	0xffffffff	0xfffeffff	0xffffffff
0x1c04eaa0:	0xfffefeff	0xffffffff	0xffffffff	0xffffffff
0x1c04eab0:	0xffffffff	0xffffffff	0xffffffff	0xfefffeff
0x1c04eac0:	0xffffffff	0xffffffff	0xffffffff	0xfffeffff
0x1c04ead0:	0xfffffffe	0xffffffff	0xfeffffff	0xffffffff
0x1c04eae0:	0xfffffeff	0xfffeffff	0xffffffff	0xffffffff
0x1c04eaf0:	0xfffffffe	0xffffffff	0xffffffff	0xfffeffff
0x1c04eb00:	0xffffffff	0xffffffff	0xffffffff	0xffffffff
0x1c04eb10:	0xffffffff	0xfefefeff	0xfeffffff	0xffffffff
0x1c04eb20:	0xfeffffff	0xfffffffe	0xfefffffe	0xfefffffe
0x1c04eb30:	0xfffffeff	0xffffffff	0xffffffff	0xffffffff
