0.8000001848085699,0.00050471429914116,False
0.7999985834835712,0.0005042877021293941,False
0.8000017861335686,0.0005046076498882186,False
0.7999985834835712,0.0005045010006352771,False
0.8000001848085699,0.0005042877021293941,False
0.8000001848085699,0.0005045010006352771,False
0.8000001848085699,0.0005048209483941015,False
0.8000001848085699,0.0005045010006352771,False
0.7999985834835712,0.000504927597647043,False
0.8000001848085699,0.0005048209483941015,False
0.8000001848085699,0.0005048209483941015,False
0.7999985834835712,0.0005050342468999845,False
0.8000017861335686,0.0005048209483941015,False
0.7999985834835712,0.0005050342468999845,False
0.8000001848085699,0.000504927597647043,False
0.7999985834835712,0.0005053541946588086,False
0.8000001848085699,0.0005051408961529256,False
0.8000001848085699,0.0005054608439117505,False
0.8000001848085699,0.0005053541946588086,False
0.7999985834835712,0.0005053541946588086,False
0.8000001848085699,0.0005056741424176335,False
0.8000017861335686,0.0005057807916705745,False
0.7999985834835712,0.0005056741424176335,False
0.8000001848085699,0.0005056741424176335,False
0.8000001848085699,0.0005057807916705745,False
0.7999985834835712,0.0005061007394293994,False
0.8000001848085699,0.0005061007394293994,False
0.8000001848085699,0.0005061007394293994,False
0.8000001848085699,0.0005062073886823409,False
0.8000001848085699,0.0005063140379352824,False
0.7999985834835712,0.0005065273364411654,False
0.8000001848085699,0.0005065273364411654,False
0.8000001848085699,0.0005064206871882239,False
0.7999985834835712,0.0005065273364411654,False
0.8000001848085699,0.0005066339856941069,False
0.8000001848085699,0.0005066339856941069,False
0.7999985834835712,0.0005068472841999899,False
0.8000017861335686,0.000506740634947048,False
0.7999985834835712,0.0005066339856941069,False
0.8000001848085699,0.0005068472841999899,False
0.8000017861335686,0.0005070605827058729,False
0.7999985834835712,0.0005072738812117558,False
0.8000001848085699,0.0005069539334529309,False
0.8000001848085699,0.0005072738812117558,False
0.7999985834835712,0.0005070605827058729,False
0.8000001848085699,0.0005072738812117558,False
0.8000001848085699,0.0005071672319588139,False
0.8000001848085699,0.0005075938289705799,False
0.8000001848085699,0.0005075938289705799,False
0.7999985834835712,0.0005072738812117558,False
0.8000001848085699,0.0005075938289705799,False
0.8000001848085699,0.0005074871797176388,False
0.7999985834835712,0.0005074871797176388,False
0.8000001848085699,0.0005075938289705799,False
0.8000001848085699,0.0005078071274764629,False
0.7999985834835712,0.0005078071274764629,False
0.8000001848085699,0.0005078071274764629,False
0.8000001848085699,0.0005080204259823463,False
0.8000001848085699,0.0005078071274764629,False
0.8000001848085699,0.0005082337244882293,False
0.8000001848085699,0.0005083403737411703,False
0.8000001848085699,0.0005080204259823463,False
0.7999985834835712,0.0005084470229941122,False
0.8000001848085699,0.0005083403737411703,False
0.8000001848085699,0.0005084470229941122,False
0.8000001848085699,0.0005083403737411703,False
0.8000001848085699,0.0005085536722470533,False
0.8000001848085699,0.0005087669707529363,False
0.7999985834835712,0.0005085536722470533,False
0.8000001848085699,0.0005086603214999952,False
0.8000001848085699,0.0005086603214999952,False
0.7999985834835712,0.0005085536722470533,False
0.8000001848085699,0.0005087669707529363,False
0.8000001848085699,0.0005090869185117612,False
0.8000001848085699,0.0005090869185117612,False
0.7999985834835712,0.0005087669707529363,False
0.8000001848085699,0.0005091935677647022,False
0.8000001848085699,0.0005089802692588193,False
0.8000001848085699,0.0005090869185117612,False
0.8000001848085699,0.0005090869185117612,False
0.7999985834835712,0.0005094068662705852,False
0.8000017861335686,0.0005094068662705852,False
0.7999985834835712,0.0005095135155235271,False
0.8000001848085699,0.0005095135155235271,False
0.8000001848085699,0.0005094068662705852,False
0.8000001848085699,0.0005095135155235271,False
0.7999985834835712,0.0005095135155235271,False
0.8000001848085699,0.0005097268140294101,False
0.8000001848085699,0.0005099401125352927,False
0.8000001848085699,0.0005097268140294101,False
0.7999985834835712,0.0005098334632823512,False
0.8000001848085699,0.0005098334632823512,False
0.8000001848085699,0.0005099401125352927,False
0.7999985834835712,0.0005098334632823512,False
0.8000001848085699,0.0005098334632823512,False
0.8000001848085699,0.0005099401125352927,False
0.7999985834835712,0.0005101534110411757,False
0.8000017861335686,0.0005102600602941176,False
0.8000001848085699,0.0005102600602941176,False
0.7999985834835712,0.0005100467617882342,False
0.8000001848085699,0.0005101534110411757,False
0.8000001848085699,0.0005104733588000006,False
0.8000001848085699,0.0005101534110411757,False
0.7999985834835712,0.0005103667095470586,False
0.8000001848085699,0.0005102600602941176,False
0.8000001848085699,0.0005104733588000006,False
0.8000001848085699,0.0005103667095470586,False
0.7999985834835712,0.0005102600602941176,False
0.8000001848085699,0.0005104733588000006,False
0.8000001848085699,0.0005106866573058835,False
0.8000001848085699,0.0005103667095470586,False
0.8000001848085699,0.0005106866573058835,False
0.7999985834835712,0.0005106866573058835,False
0.8000001848085699,0.0005105800080529416,False
0.8000001848085699,0.0005108999558117665,False
0.7999985834835712,0.0005107933065588246,False
0.8000017861335686,0.0005108999558117665,False
0.8000001848085699,0.0005108999558117665,False
0.7999985834835712,0.0005110066050647076,False
0.8000001848085699,0.0005110066050647076,False
0.8000001848085699,0.0005111132543176495,False
0.8000001848085699,0.0005110066050647076,False
0.8000001848085699,0.0005112199035705906,False
0.7999985834835712,0.0005111132543176495,False
0.8000001848085699,0.0005111132543176495,False
0.7999985834835712,0.0005113265528235321,False
0.8000017861335686,0.0005108999558117665,False
0.7999985834835712,0.0005112199035705906,False
0.8000001848085699,0.0005113265528235321,False
0.8000001848085699,0.000511539851329415,False
0.7999985834835712,0.0005113265528235321,False
0.8000001848085699,0.0005116465005823565,False
0.8000001848085699,0.0005114332020764735,False
0.8000001848085699,0.000511539851329415,False
0.7999985834835712,0.000511539851329415,False
0.8000017861335686,0.0005116465005823565,False
0.8000001848085699,0.0005116465005823565,False
0.7999985834835712,0.0005116465005823565,False
0.8000001848085699,0.000511753149835298,False
0.8000001848085699,0.000511753149835298,False
0.7999985834835712,0.0005120730975941225,False
0.8000001848085699,0.0005118597990882395,False
0.8000001848085699,0.000512179746847064,False
0.8000001848085699,0.000511539851329415,False
0.7999985834835712,0.0005120730975941225,False
0.8000001848085699,0.0005120730975941225,False
0.8000001848085699,0.0005120730975941225,False
0.8000001848085699,0.0005120730975941225,False
0.7999985834835712,0.0005120730975941225,False
0.8000001848085699,0.0005122863961000059,False
0.8000001848085699,0.0005120730975941225,False
0.8000001848085699,0.0005120730975941225,False
0.7999985834835712,0.000512393045352947,False
0.8000001848085699,0.0005122863961000059,False
0.8000017861335686,0.0005122863961000059,False
0.7999985834835712,0.000512393045352947,False
0.8000001848085699,0.0005122863961000059,False
0.8000001848085699,0.0005124996946058889,False
0.7999985834835712,0.000512393045352947,False
0.8000001848085699,0.0005127129931117719,False
0.8000001848085699,0.000512393045352947,False
0.8000001848085699,0.0005124996946058889,False
0.8000001848085699,0.0005127129931117719,False
0.7999985834835712,0.00051260634385883,False
0.8000001848085699,0.00051260634385883,False
0.8000001848085699,0.0005128196423647129,False
0.7999985834835712,0.0005128196423647129,False
0.8000017861335686,0.0005128196423647129,False
0.7999985834835712,0.0005127129931117719,False
0.8000001848085699,0.0005129262916176544,False
0.8000001848085699,0.0005129262916176544,False
0.7999985834835712,0.0005129262916176544,False
0.8000001848085699,0.0005129262916176544,False
0.8000001848085699,0.0005129262916176544,False
0.8000001848085699,0.0005130329408705959,False
0.8000001848085699,0.0005130329408705959,False
0.7999985834835712,0.0005128196423647129,False
0.8000017861335686,0.0005131395901235374,False
0.7999985834835712,0.0005129262916176544,False
0.8000001848085699,0.0005130329408705959,False
0.8000001848085699,0.0005130329408705959,False
0.7999985834835712,0.0005131395901235374,False
0.8000017861335686,0.0005098334632823512,False
0.7999985834835712,0.0005077004782235218,False
0.8000001848085699,0.0005079137767294048,False
0.7999985834835712,0.0005081270752352878,False
0.8000017861335686,0.0005084470229941122,False
0.7999985834835712,0.0005083403737411703,False
0.8000001848085699,0.0005086603214999952,False
0.8000001848085699,0.0005085536722470533,False
0.7999985834835712,0.0005089802692588193,False
0.8000001848085699,0.0005262574482353404,False
0.8000017861335686,0.0005286037318000532,False
0.7999985834835712,0.0005286037318000532,False
0.8000001848085699,0.0005289236795588772,False
0.8000001848085699,0.0005290303288118191,False
0.7999985834835712,0.0005290303288118191,False
0.8000001848085699,0.0005294569258235851,False
0.8000001848085699,0.0005295635750765266,False
0.8000001848085699,0.0005293502765706432,False
0.7999985834835712,0.0005296702243294676,False
0.8000001848085699,0.0005298835228353506,False
0.8000001848085699,0.0005296702243294676,False
0.8000001848085699,0.0005298835228353506,False
0.7999985834835712,0.0005302034705941755,False
0.8000001848085699,0.0005302034705941755,False
0.8000001848085699,0.0005304167691000585,False
0.7999985834835712,0.0005303101198471166,False
0.8000001848085699,0.0005306300676059415,False
0.8000001848085699,0.0005307367168588826,False
0.8000001848085699,0.0005306300676059415,False
0.8000001848085699,0.0005309500153647655,False
0.8000001848085699,0.0005310566646177075,False
0.8000001848085699,0.0005310566646177075,False
0.8000001848085699,0.00053126996312359,False
0.7999985834835712,0.00053126996312359,False
0.8000001848085699,0.00053126996312359,False
0.8000001848085699,0.000531483261629473,False
0.7999985834835712,0.000531483261629473,False
0.8000001848085699,0.0005313766123765315,False
0.8000001848085699,0.0005318032093882979,False
0.8000001848085699,0.0005318032093882979,False
0.8000001848085699,0.0005320165078941809,False
0.7999985834835712,0.0005320165078941809,False
0.8000001848085699,0.0005321231571471219,False
0.7999985834835712,0.0005321231571471219,False
0.8000001848085699,0.0005323364556530049,False
0.8000001848085699,0.0005322298064000639,False
0.8000001848085699,0.0005324431049059468,False
0.8000001848085699,0.0005335095974353613,False
0.8000001848085699,0.0005324431049059468,False
0.8000001848085699,0.0005327630526647709,False
0.8000001848085699,0.0005328697019177124,False
0.7999985834835712,0.0005328697019177124,False
0.8000001848085699,0.0005330830004235954,False
0.8000001848085699,0.0005329763511706539,False
0.8000001848085699,0.0005330830004235954,False
0.8000001848085699,0.0005330830004235954,False
0.7999985834835712,0.0005332962989294783,False
0.8000001848085699,0.0005332962989294783,False
0.8000001848085699,0.0005332962989294783,False
0.7999985834835712,0.0005335095974353613,False
0.8000001848085699,0.0005337228959412443,False
0.8000001848085699,0.0005335095974353613,False
0.8000001848085699,0.0005336162466883028,False
0.7999985834835712,0.0005336162466883028,False
0.8000001848085699,0.0005338295451941862,False
0.8000001848085699,0.0005338295451941862,False
0.8000001848085699,0.0005340428437000692,False
0.8000001848085699,0.0005339361944471273,False
0.8000001848085699,0.0005341494929530103,False
0.7999985834835712,0.0005343627914588932,False
0.8000001848085699,0.0005340428437000692,False
0.8000001848085699,0.0005343627914588932,False
0.8000001848085699,0.0005343627914588932,False
0.8000001848085699,0.0005342561422059518,False
0.7999985834835712,0.0005345760899647762,False
0.8000001848085699,0.0005345760899647762,False
0.8000001848085699,0.0005346827392177177,False
0.8000001848085699,0.0005345760899647762,False
0.8000001848085699,0.0005348960377236007,False
0.7999985834835712,0.0005347893884706592,False
0.8000001848085699,0.0005348960377236007,False
0.8000001848085699,0.0005347893884706592,False
0.7999985834835712,0.0005351093362294837,False
0.8000001848085699,0.0005348960377236007,False
0.8000001848085699,0.0005350026869765422,False
0.8000001848085699,0.0005352159854824252,False
0.8000001848085699,0.0005350026869765422,False
0.8000001848085699,0.000536709075023606,False
0.8000001848085699,0.0005354292839883082,False
0.7999985834835712,0.0005353226347353667,False
0.8000001848085699,0.0005356425824941907,False
0.8000001848085699,0.0005355359332412496,False
0.8000001848085699,0.0005355359332412496,False
0.7999985834835712,0.0005356425824941907,False
0.8000001848085699,0.0005356425824941907,False
0.8000001848085699,0.0005356425824941907,False
0.8000001848085699,0.0005358558810000737,False
0.7999985834835712,0.0005357492317471326,False
0.8000001848085699,0.0005359625302530156,False
0.8000001848085699,0.0005358558810000737,False
0.7999985834835712,0.0005362824780118401,False
0.8000001848085699,0.0005360691795059571,False
0.8000001848085699,0.0005360691795059571,False
0.8000001848085699,0.0005361758287588986,False
0.7999985834835712,0.0005363891272647816,False
0.8000017861335686,0.0005362824780118401,False
0.8000001848085699,0.0005363891272647816,False
0.7999985834835712,0.0005363891272647816,False
0.8000001848085699,0.0005366024257706646,False
0.7999985834835712,0.0005366024257706646,False
0.8000001848085699,0.0005364957765177231,False
0.8000001848085699,0.000536709075023606,False
0.8000001848085699,0.0005364957765177231,False
0.8000001848085699,0.0005366024257706646,False
0.8000001848085699,0.000536709075023606,False
0.8000001848085699,0.0005368157242765475,False
0.7999985834835712,0.0005368157242765475,False
0.8000001848085699,0.000536922373529489,False
0.8000001848085699,0.000536922373529489,False
0.7999985834835712,0.000536922373529489,False
0.8000001848085699,0.000536922373529489,False
0.8000001848085699,0.0005370290227824305,False
0.8000001848085699,0.0005370290227824305,False
0.7999985834835712,0.0005370290227824305,False
0.8000017861335686,0.000537135672035372,False
0.8000001848085699,0.0005372423212883131,False
0.7999985834835712,0.0005372423212883131,False
0.8000001848085699,0.0005384154630706699,False
0.8000001848085699,0.000537348970541255,False
0.8000001848085699,0.0005372423212883131,False
0.8000001848085699,0.000537562269047138,False
0.7999985834835712,0.000537562269047138,False
0.7999985834835712,0.000537455619794196,False
0.8000001848085699,0.000537562269047138,False
0.8000017861335686,0.000537562269047138,False
0.7999985834835712,0.000537775567553021,False
0.8000001848085699,0.000537562269047138,False
0.7999985834835712,0.0005379888660589039,False
0.8000001848085699,0.000537882216805962,False
0.8000001848085699,0.0005379888660589039,False
0.8000001848085699,0.0005380955153118454,False
0.7999985834835712,0.000537882216805962,False
0.8000001848085699,0.0005382021645647869,False
0.8000017861335686,0.0005382021645647869,False
0.8000001848085699,0.0005382021645647869,False
0.7999985834835712,0.0005382021645647869,False
0.8000001848085699,0.0005382021645647869,False
0.8000001848085699,0.0005384154630706699,False
0.7999985834835712,0.0005383088138177284,False
0.8000001848085699,0.0005384154630706699,False
0.8000001848085699,0.0005384154630706699,False
0.8000001848085699,0.0005385221123236114,False
0.8000001848085699,0.0005386287615765529,False
0.7999985834835712,0.0005386287615765529,False
0.8000001848085699,0.0005387354108294944,False
0.7999985834835712,0.0005386287615765529,False
0.8000017861335686,0.0005386287615765529,False
0.8000001848085699,0.0005387354108294944,False
0.7999985834835712,0.0005386287615765529,False
0.8000001848085699,0.0005387354108294944,False
0.7999985834835712,0.0005387354108294944,False
0.8000001848085699,0.0005388420600824354,False
0.8000001848085699,0.0005389487093353774,False
0.8000001848085699,0.0005390553585883184,False
0.8000001848085699,0.0005390553585883184,False
0.8000001848085699,0.0005390553585883184,False
0.8000001848085699,0.0005389487093353774,False
0.7999985834835712,0.0005403351496236167,False
0.8000001848085699,0.0005392686570942014,False
0.8000001848085699,0.0005391620078412603,False
0.8000001848085699,0.0005392686570942014,False
0.7999985834835712,0.0005392686570942014,False
0.8000001848085699,0.0005392686570942014,False
0.8000001848085699,0.0005395886048530263,False
0.7999985834835712,0.0005392686570942014,False
0.8000001848085699,0.0005391620078412603,False
0.8000001848085699,0.0005392686570942014,False
0.7999985834835712,0.0005395886048530263,False
0.8000001848085699,0.0005395886048530263,False
0.8000001848085699,0.0005394819556000844,False
0.8000001848085699,0.0005395886048530263,False
0.8000017861335686,0.0005395886048530263,False
0.7999985834835712,0.0005396952541059674,False
0.8000001848085699,0.0005398019033589093,False
0.8000001848085699,0.0005399085526118503,False
0.7999985834835712,0.0005399085526118503,False
0.8000001848085699,0.0005398019033589093,False
0.8000001848085699,0.0005399085526118503,False
0.8000001848085699,0.0005398019033589093,False
0.8000001848085699,0.0005400152018647923,False
0.7999985834835712,0.0005399085526118503,False
0.8000001848085699,0.0005398019033589093,False
0.8000001848085699,0.0005400152018647923,False
0.8000001848085699,0.0005401218511177333,False
0.7999985834835712,0.0005401218511177333,False
0.8000001848085699,0.0005404417988765578,False
0.8000001848085699,0.0005402285003706748,False
0.7999985834835712,0.0005402285003706748,False
0.8000001848085699,0.0005401218511177333,False
0.8000001848085699,0.0005405484481294997,False
0.8000001848085699,0.0005406550973824408,False
0.8000001848085699,0.0005402285003706748,False
0.8000001848085699,0.0005404417988765578,False
0.7999985834835712,0.0005404417988765578,False
0.8000001848085699,0.0005406550973824408,False
0.8000001848085699,0.0005405484481294997,False
0.8000001848085699,0.0005404417988765578,False
0.8000001848085699,0.0005406550973824408,False
0.7999985834835712,0.0005415082914059727,False
0.8000017861335686,0.0005408683958883238,False
0.7999985834835712,0.0005406550973824408,False
0.8000001848085699,0.0005405484481294997,False
0.7999985834835712,0.0005408683958883238,False
0.8000001848085699,0.0005408683958883238,False
0.8000001848085699,0.0005410816943942067,False
0.7999985834835712,0.0005406550973824408,False
0.8000001848085699,0.0005407617466353827,False
0.8000001848085699,0.0005409750451412657,False
0.8000001848085699,0.0005408683958883238,False
0.8000001848085699,0.0005410816943942067,False
0.8000001848085699,0.0005409750451412657,False
0.8000001848085699,0.0005412949929000897,False
0.8000001848085699,0.0005411883436471487,False
0.7999985834835712,0.0005410816943942067,False
0.8000001848085699,0.0005411883436471487,False
0.8000001848085699,0.0005412949929000897,False
0.8000001848085699,0.0005411883436471487,False
0.7999985834835712,0.0005412949929000897,False
0.8000001848085699,0.0005411883436471487,False
0.8000001848085699,0.0005414016421530317,False
0.8000001848085699,0.0005412949929000897,False
0.7999985834835712,0.0005412949929000897,False
0.8000001848085699,0.0005414016421530317,False
0.8000001848085699,0.0005414016421530317,False
0.7999985834835712,0.0005412949929000897,False
0.8000001848085699,0.0005414016421530317,False
0.8000001848085699,0.0005414016421530317,False
0.8000001848085699,0.0005416149406589146,False
0.8000001848085699,0.0005414016421530317,False
0.8000001848085699,0.0005417215899118557,False
0.7999985834835712,0.0005415082914059727,False
0.8000001848085699,0.0005417215899118557,False
0.8000001848085699,0.0005416149406589146,False
0.8000001848085699,0.0005418282391647972,False
0.8000001848085699,0.0005416149406589146,False
0.7999985834835712,0.0005416149406589146,False
0.8000001848085699,0.0005419348884177387,False
0.8000001848085699,0.000542788082441271,False
0.8000001848085699,0.0005419348884177387,False
0.7999985834835712,0.0005417215899118557,False
0.8000001848085699,0.0005420415376706802,False
0.8000001848085699,0.0005419348884177387,False
0.8000001848085699,0.0005418282391647972,False
0.8000001848085699,0.0005419348884177387,False
0.7999985834835712,0.0005418282391647972,False
0.8000001848085699,0.0005421481869236217,False
0.8000001848085699,0.0005421481869236217,False
0.8000001848085699,0.0005420415376706802,False
0.8000001848085699,0.0005421481869236217,False
0.7999985834835712,0.0005418282391647972,False
0.8000001848085699,0.0005421481869236217,False
0.8000001848085699,0.0005420415376706802,False
0.8000001848085699,0.0005422548361765631,False
0.8000001848085699,0.0005424681346824461,False
0.8000001848085699,0.0005422548361765631,False
0.7999985834835712,0.0005423614854295051,False
0.8000001848085699,0.0005424681346824461,False
0.7999985834835712,0.000542574783935388,False
0.8000017861335686,0.0005424681346824461,False
0.7999985834835712,0.0005423614854295051,False
0.8000001848085699,0.0005424681346824461,False
0.8000001848085699,0.0005424681346824461,False
0.7999985834835712,0.0005424681346824461,False
0.8000001848085699,0.0005424681346824461,False
0.8000001848085699,0.000542788082441271,False
0.8000001848085699,0.0005424681346824461,False
0.8000001848085699,0.0005426814331883291,False
0.8000001848085699,0.000542788082441271,False
0.8000001848085699,0.0005426814331883291,False
0.7999985834835712,0.0005426814331883291,False
0.8000001848085699,0.000543001380947154,False
0.7999985834835712,0.0005426814331883291,False
0.8000017861335686,0.0005428947316942121,False
0.7999985834835712,0.000542788082441271,False
0.8000001848085699,0.000543001380947154,False
0.8000001848085699,0.0005428947316942121,False
0.7999985834835712,0.0005431080302000951,False
0.8000001848085699,0.0005428947316942121,False
0.8000001848085699,0.0005440678734765685,False
0.7999985834835712,0.0005431080302000951,False
0.8000017861335686,0.000543001380947154,False
0.7999985834835712,0.0005431080302000951,False
0.8000001848085699,0.000543001380947154,False
0.8000001848085699,0.0005433213287059781,False
0.7999985834835712,0.0005431080302000951,False
0.8000017861335686,0.0005434279779589195,False
0.8000001848085699,0.0005433213287059781,False
0.7999985834835712,0.0005431080302000951,False
0.8000001848085699,0.0005434279779589195,False
0.8000001848085699,0.000543534627211861,False
0.8000001848085699,0.0005434279779589195,False
0.7999985834835712,0.000543534627211861,False
0.8000001848085699,0.0005434279779589195,False
0.7999985834835712,0.0005433213287059781,False
0.8000001848085699,0.000543534627211861,False
0.8000001848085699,0.0005436412764648025,False
0.8000001848085699,0.000543747925717744,False
0.8000001848085699,0.000543534627211861,False
0.7999985834835712,0.0005436412764648025,False
0.8000001848085699,0.000543534627211861,False
0.8000001848085699,0.000543534627211861,False
0.8000001848085699,0.000543534627211861,False
0.8000001848085699,0.000543747925717744,False
0.7999985834835712,0.0005438545749706855,False
0.8000017861335686,0.000543747925717744,False
0.7999985834835712,0.000543747925717744,False
0.8000001848085699,0.000543747925717744,False
0.8000001848085699,0.000543961224223627,False
0.7999985834835712,0.0005438545749706855,False
0.8000001848085699,0.000543961224223627,False
0.8000001848085699,0.0005442811719824515,False
0.8000001848085699,0.000543961224223627,False
0.8000001848085699,0.0005440678734765685,False
0.7999985834835712,0.000543961224223627,False
0.8000001848085699,0.0005440678734765685,False
0.8000001848085699,0.0005440678734765685,False
0.7999985834835712,0.00054417452272951,False
0.8000001848085699,0.0005453476645118664,False
0.8000001848085699,0.00054417452272951,False
0.8000001848085699,0.0005442811719824515,False
0.8000001848085699,0.000544387821235393,False
0.8000001848085699,0.0005442811719824515,False
0.7999985834835712,0.000544387821235393,False
0.8000001848085699,0.0005442811719824515,False
0.8000017861335686,0.0005444944704883345,False
0.7999985834835712,0.000544387821235393,False
0.8000001848085699,0.000544387821235393,False
0.7999985834835712,0.0005444944704883345,False
0.8000001848085699,0.0005446011197412764,False
0.8000001848085699,0.000544387821235393,False
0.8000001848085699,0.0005447077689942174,False
0.7999985834835712,0.0005446011197412764,False
0.8000017861335686,0.0005446011197412764,False
0.7999985834835712,0.0005446011197412764,False
0.8000001848085699,0.0005447077689942174,False
0.8000001848085699,0.0005446011197412764,False
0.7999985834835712,0.0005444944704883345,False
0.8000001848085699,0.0005449210675001004,False
0.8000001848085699,0.0005446011197412764,False
0.7999985834835712,0.0005449210675001004,False
0.8000001848085699,0.0005447077689942174,False
0.8000001848085699,0.0005447077689942174,False
0.8000001848085699,0.0005447077689942174,False
0.8000001848085699,0.0005447077689942174,False
0.8000001848085699,0.0005448144182471594,False
0.8000001848085699,0.0005448144182471594,False
0.7999985834835712,0.0005449210675001004,False
0.8000001848085699,0.0005447077689942174,False
0.8000001848085699,0.0005447077689942174,False
0.8000001848085699,0.0005449210675001004,False
0.7999985834835712,0.0005448144182471594,False
0.8000001848085699,0.0005448144182471594,False
0.7999985834835712,0.0005447077689942174,False
0.8000017861335686,0.0005450277167530419,False
0.7999985834835712,0.0005449210675001004,False
0.8000001848085699,0.0005450277167530419,False
0.8000001848085699,0.0005449210675001004,False
0.8000001848085699,0.0005449210675001004,False
0.7999985834835712,0.0005450277167530419,False
0.8000001848085699,0.0005460942092824568,False
0.8000001848085699,0.0005451343660059834,False
0.8000001848085699,0.0005452410152589249,False
0.8000001848085699,0.0005451343660059834,False
0.8000001848085699,0.0005453476645118664,False
0.8000001848085699,0.0005452410152589249,False
0.7999985834835712,0.0005450277167530419,False
0.8000001848085699,0.0005451343660059834,False
0.8000001848085699,0.0005451343660059834,False
0.8000001848085699,0.0005451343660059834,False
0.7999985834835712,0.0005453476645118664,False
0.8000001848085699,0.0005452410152589249,False
0.8000001848085699,0.0005453476645118664,False
0.8000001848085699,0.0005453476645118664,False
0.7999985834835712,0.0005452410152589249,False
0.8000001848085699,0.0005454543137648079,False
0.8000001848085699,0.0005453476645118664,False
0.7999985834835712,0.0005452410152589249,False
0.8000017861335686,0.0005456676122706909,False
0.7999985834835712,0.0005454543137648079,False
0.8000001848085699,0.0005457742615236323,False
0.7999985834835712,0.0005455609630177494,False
0.8000017861335686,0.0005457742615236323,False
0.8000001848085699,0.0005455609630177494,False
0.7999985834835712,0.0005457742615236323,False
0.8000001848085699,0.0005455609630177494,False
0.8000001848085699,0.0005458809107765738,False
0.8000001848085699,0.0005457742615236323,False
0.7999985834835712,0.0005454543137648079,False
0.8000001848085699,0.0005457742615236323,False
0.8000001848085699,0.0005457742615236323,False
0.8000001848085699,0.0005459875600295153,False
0.8000001848085699,0.0005458809107765738,False
0.7999985834835712,0.0005458809107765738,False
0.8000001848085699,0.0005458809107765738,False
0.8000001848085699,0.0005459875600295153,False
0.7999985834835712,0.0005458809107765738,False
0.8000001848085699,0.0005459875600295153,False
0.8000001848085699,0.0005460942092824568,False
0.8000001848085699,0.0005457742615236323,False
0.7999985834835712,0.0005459875600295153,False
0.8000017861335686,0.0005458809107765738,False
0.8000001848085699,0.0005462008585353983,False
0.7999985834835712,0.0005462008585353983,False
0.8000001848085699,0.0005458809107765738,False
0.8000001848085699,0.0005460942092824568,False
0.8000001848085699,0.0005460942092824568,False
0.7999985834835712,0.0005463075077883398,False
0.8000001848085699,0.0005464141570412809,False
0.8000001848085699,0.0005465208062942228,False
0.7999985834835712,0.0005462008585353983,False
0.8000001848085699,0.0005465208062942228,False
0.8000001848085699,0.0005464141570412809,False
0.8000001848085699,0.0005460942092824568,False
0.8000001848085699,0.0005464141570412809,False
0.7999985834835712,0.0005465208062942228,False
0.8000001848085699,0.0005463075077883398,False
0.8000001848085699,0.0005464141570412809,False
0.8000001848085699,0.0005467341048001058,False
0.8000001848085699,0.0005466274555471638,False
0.8000001848085699,0.0005466274555471638,False
0.7999985834835712,0.0005466274555471638,False
0.8000001848085699,0.0005466274555471638,False
0.8000001848085699,0.0005465208062942228,False
0.7999985834835712,0.0005468407540530473,False
0.8000001848085699,0.0005467341048001058,False
0.8000001848085699,0.0005467341048001058,False
0.8000001848085699,0.0005468407540530473,False
0.8000001848085699,0.0005468407540530473,False
0.8000001848085699,0.0005467341048001058,False
0.7999985834835712,0.0005467341048001058,False
0.8000001848085699,0.0005467341048001058,False
0.8000001848085699,0.0005468407540530473,False
0.8000001848085699,0.0005467341048001058,False
0.7999985834835712,0.0005467341048001058,False
0.8000001848085699,0.0005468407540530473,False
0.8000001848085699,0.0005468407540530473,False
0.8000001848085699,0.0005469474033059888,False
0.7999985834835712,0.0005470540525589302,False
0.8000017861335686,0.0005468407540530473,False
0.7999985834835712,0.0005467341048001058,False
0.8000001848085699,0.0005470540525589302,False
0.8000001848085699,0.0005468407540530473,False
0.7999985834835712,0.0005468407540530473,False
0.8000001848085699,0.0005470540525589302,False
0.8000001848085699,0.0005470540525589302,False
0.8000001848085699,0.0005468407540530473,False
0.7999985834835712,0.0005470540525589302,False
0.8000017861335686,0.0005470540525589302,False
0.7999985834835712,0.0005466274555471638,False
0.8000001848085699,0.0005469474033059888,False
0.8000001848085699,0.0005470540525589302,False
0.8000001848085699,0.0005471607018118717,False
0.7999985834835712,0.0005471607018118717,False
0.7999985834835712,0.0005471607018118717,False
0.8000017861335686,0.0005470540525589302,False
0.8000001848085699,0.0005471607018118717,False
0.7999985834835712,0.0005470540525589302,False
0.8000001848085699,0.0005471607018118717,False
0.8000001848085699,0.0005471607018118717,False
0.8000001848085699,0.0005472673510648132,False
0.7999985834835712,0.0005472673510648132,False
0.8000001848085699,0.0005470540525589302,False
0.8000001848085699,0.0005473740003177547,False
0.8000001848085699,0.0005472673510648132,False
0.8000001848085699,0.0005474806495706962,False
0.7999985834835712,0.0005472673510648132,False
0.8000001848085699,0.0005472673510648132,False
0.8000001848085699,0.0005473740003177547,False
0.7999985834835712,0.0005471607018118717,False
0.8000001848085699,0.0005473740003177547,False
0.8000001848085699,0.0005473740003177547,False
0.8000001848085699,0.0005474806495706962,False
0.8000001848085699,0.0005472673510648132,False
0.7999985834835712,0.0005474806495706962,False
0.8000001848085699,0.0005474806495706962,False
0.8000001848085699,0.0005472673510648132,False
0.8000001848085699,0.0005474806495706962,False
0.8000001848085699,0.0005475872988236377,False
0.8000001848085699,0.0005474806495706962,False
0.7999985834835712,0.0005473740003177547,False
0.8000001848085699,0.0005476939480765792,False
0.8000001848085699,0.0005475872988236377,False
0.8000001848085699,0.0005474806495706962,False
0.8000001848085699,0.0005476939480765792,False
0.7999985834835712,0.0005476939480765792,False
0.8000001848085699,0.0005476939480765792,False
0.8000001848085699,0.0005475872988236377,False
0.7999985834835712,0.0005475872988236377,False
0.8000001848085699,0.0005478005973295202,False
0.8000001848085699,0.0005479072465824622,False
0.8000001848085699,0.0005478005973295202,False
0.8000001848085699,0.0005479072465824622,False
0.8000001848085699,0.0005478005973295202,False
0.7999985834835712,0.0005479072465824622,False
0.8000001848085699,0.0005479072465824622,False
0.8000001848085699,0.0005476939480765792,False
0.8000001848085699,0.0005479072465824622,False
0.8000001848085699,0.0005480138958354032,False
0.7999985834835712,0.0005480138958354032,False
0.8000001848085699,0.0005478005973295202,False
0.8000001848085699,0.0005480138958354032,False
0.7999985834835712,0.0005478005973295202,False
0.8000001848085699,0.0005480138958354032,False
0.8000001848085699,0.0005480138958354032,False
0.8000001848085699,0.0005479072465824622,False
0.8000001848085699,0.0005480138958354032,False
0.7999985834835712,0.0005480138958354032,False
0.8000001848085699,0.0005483338435942281,False
0.8000001848085699,0.0005480138958354032,False
0.8000001848085699,0.0005482271943412862,False
0.7999985834835712,0.0005482271943412862,False
0.8000001848085699,0.0005483338435942281,False
0.8000001848085699,0.0005482271943412862,False
0.7999985834835712,0.0005482271943412862,False
0.8000017861335686,0.0005480138958354032,False
0.8000001848085699,0.0005482271943412862,False
0.8000001848085699,0.0005482271943412862,False
0.8000001848085699,0.0005479072465824622,False
0.7999985834835712,0.0005480138958354032,False
0.8000001848085699,0.0005483338435942281,False
0.7999985834835712,0.0005483338435942281,False
0.8000001848085699,0.0005482271943412862,False
0.8000001848085699,0.0005483338435942281,False
0.8000001848085699,0.0005482271943412862,False
0.8000001848085699,0.0005484404928471692,False
0.8000001848085699,0.0005482271943412862,False
0.7999985834835712,0.0005484404928471692,False
0.8000001848085699,0.0005483338435942281,False
0.8000001848085699,0.0005484404928471692,False
0.7999985834835712,0.0005483338435942281,False
0.8000001848085699,0.0005483338435942281,False
0.8000001848085699,0.0005041810528764526,False
0.8000001848085699,0.0004965023066646657,False
0.8000001848085699,0.0004958624111470167,False
0.8000001848085699,0.0004951158663764263,False
0.7999985834835712,0.0004944759708587773,False
0.8000001848085699,0.0004942626723528944,False
0.8000001848085699,0.0004936227768352454,False
0.7999985834835712,0.0004931961798234795,False
0.8000017861335686,0.000492876232064655,False
0.7999985834835712,0.000492236336547006,False
0.8000001848085699,0.0004918097395352401,False
0.8000001848085699,0.0004917030902822986,False
0.8000001848085699,0.0004911698440175916,False
0.7999985834835712,0.0004906365977528837,False
0.8000001848085699,0.0004902100007411177,False
0.8000001848085699,0.0004902100007411177,False
0.8000001848085699,0.0004895701052234692,False
0.7999985834835712,0.0004892501574646443,False
0.8000001848085699,0.0004890368589587613,False
0.8000001848085699,0.0004887169111999373,False
0.8000001848085699,0.0004883969634411124,False
0.8000001848085699,0.0004880770156822879,False
0.8000001848085699,0.00048797036642934683,False
0.8000001848085699,0.0004873304709116979,False
0.7999985834835712,0.00048722382165875596,False
0.8000001848085699,0.0004871171724058149,False
0.7999985834835712,0.00048669057539404894,False
0.8000001848085699,0.00048647727688816596,False
0.8000001848085699,0.0004861573291293415,False
0.8000001848085699,0.0004859440306234585,False
0.7999985834835712,0.0004858373813705166,False
0.8000017861335686,0.00048551743361169254,False
0.7999985834835712,0.00048530413510580956,False
0.8000001848085699,0.0004850908365999266,False
0.8000001848085699,0.0004846642395881606,False
0.7999985834835712,0.00048434429182933614,False
0.8000001848085699,0.0004842376425763942,False
0.8000001848085699,0.00048402434407051123,False
0.8000001848085699,0.00048402434407051123,False
0.8000001848085699,0.0004837043963116872,False
0.8000001848085699,0.0004833844485528627,False
0.8000001848085699,0.00048327779929992123,False
0.7999985834835712,0.00048295785154109675,False
0.8000001848085699,0.00048285120228815526,False
0.8000001848085699,0.0004826379037822723,False
0.8000001848085699,0.0004824246052763893,False
0.7999985834835712,0.0004824246052763893,False
0.8000001848085699,0.0004821046575175648,False
0.8000001848085699,0.0004821046575175648,False
0.7999985834835712,0.00048199800826462334,False
0.8000001848085699,0.00048167806050579886,False
0.8000001848085699,0.0004813581127469744,False
0.8000001848085699,0.0004813581127469744,False
0.8000001848085699,0.0004812514634940329,False
0.7999985834835712,0.0004812514634940329,False
0.8000001848085699,0.0004810381649881499,False
0.8000001848085699,0.00048082486648226693,False
0.7999985834835712,0.0004806115679763844,False
0.8000001848085699,0.0004803982694705014,False
0.8000017861335686,0.0004803982694705014,False
0.8000001848085699,0.0004802916202175595,False
0.7999985834835712,0.0004801849709646184,False
0.8000001848085699,0.000479971672458735,False
0.8000001848085699,0.0004798650232057935,False
0.7999985834835712,0.0004798650232057935,False
0.8000001848085699,0.00047954507544696904,False
0.8000001848085699,0.00047943842619402755,False
0.8000001848085699,0.000479225127688145,False
0.7999985834835712,0.0004791184784352031,False
0.8000017861335686,0.000479225127688145,False
0.7999985834835712,0.0004789051799293201,False
0.8000001848085699,0.0004786918814234371,False
0.7999985834835712,0.0004783719336646131,False
0.8000001848085699,0.00047858523217049606,False
0.8000001848085699,0.00047847858291755413,False
0.8000001848085699,0.0004781586351587301,False
0.8000001848085699,0.00047826528441167115,False
0.7999985834835712,0.00047805198590578817,False
0.8000017861335686,0.0004779453366528471,False
