0.8000012921226917,3.5186895533251706e-05,False
0.7999996938559093,3.486725413580274e-05,False
0.8000012921226917,3.47607070033196e-05,False
0.7999996938559093,3.4547612738353335e-05,False
0.7999996938559093,3.4547612738353335e-05,False
0.8000012921226917,3.4547612738353335e-05,False
0.7999996938559093,3.422797134090393e-05,False
0.8000012921226917,3.43345184733875e-05,False
0.7999996938559093,3.43345184733875e-05,False
0.8000012921226917,3.412142420842123e-05,False
0.7999996938559093,3.43345184733875e-05,False
0.7999996938559093,3.43345184733875e-05,False
0.8000012921226917,3.43345184733875e-05,False
0.8000012921226917,3.43345184733875e-05,False
0.7999996938559093,3.412142420842123e-05,False
0.7999996938559093,3.412142420842123e-05,False
0.8000012921226917,3.422797134090393e-05,False
0.7999996938559093,3.412142420842123e-05,False
0.7999996938559093,3.412142420842123e-05,False
0.8000012921226917,3.43345184733875e-05,False
0.7999996938559093,3.422797134090393e-05,False
0.8000012921226917,3.412142420842123e-05,False
0.7999996938559093,3.412142420842123e-05,False
0.7999996938559093,3.422797134090393e-05,False
0.7999996938559093,3.412142420842123e-05,False
0.8000012921226917,3.412142420842123e-05,False
0.8000012921226917,3.412142420842123e-05,False
0.7999996938559093,3.380178281097183e-05,False
0.7999996938559093,3.422797134090393e-05,False
0.8000012921226917,3.40148770759381e-05,False
0.8000012921226917,3.40148770759381e-05,False
0.7999996938559093,3.40148770759381e-05,False
0.8000012921226917,3.412142420842123e-05,False
0.7999980955891267,3.3908329943454964e-05,False
0.8000012921226917,3.412142420842123e-05,False
0.8000012921226917,3.3908329943454964e-05,False
0.7999996938559093,3.412142420842123e-05,False
0.7999996938559093,3.40148770759381e-05,False
0.7999996938559093,3.412142420842123e-05,False
0.8000012921226917,3.3908329943454964e-05,False
0.8000012921226917,3.3908329943454964e-05,False
0.7999996938559093,3.40148770759381e-05,False
0.7999996938559093,3.40148770759381e-05,False
0.8000012921226917,3.40148770759381e-05,False
0.7999996938559093,3.412142420842123e-05,False
0.8000012921226917,3.40148770759381e-05,False
0.7999996938559093,3.3908329943454964e-05,False
0.7999996938559093,3.40148770759381e-05,False
0.7999996938559093,3.3908329943454964e-05,False
0.8000028903894741,3.412142420842123e-05,False
0.7999996938559093,3.412142420842123e-05,False
0.7999996938559093,3.3908329943454964e-05,False
0.7999996938559093,3.412142420842123e-05,False
0.8000012921226917,3.3908329943454964e-05,False
0.8000012921226917,3.3908329943454964e-05,False
0.7999996938559093,3.40148770759381e-05,False
0.7999996938559093,3.412142420842123e-05,False
0.8000012921226917,3.412142420842123e-05,False
0.7999996938559093,3.412142420842123e-05,False
0.8000012921226917,3.40148770759381e-05,False
0.7999996938559093,3.40148770759381e-05,False
0.7999996938559093,3.422797134090393e-05,False
0.7999996938559093,3.412142420842123e-05,False
0.8000012921226917,3.3908329943454964e-05,False
0.8000012921226917,3.43345184733875e-05,False
0.7999996938559093,3.412142420842123e-05,False
0.7999996938559093,3.422797134090393e-05,False
0.7999996938559093,3.422797134090393e-05,False
0.8000028903894741,3.3908329943454964e-05,False
0.7999996938559093,3.412142420842123e-05,False
0.7999996938559093,3.40148770759381e-05,False
0.7999996938559093,3.3908329943454964e-05,False
0.8000012921226917,3.40148770759381e-05,False
0.8000012921226917,3.412142420842123e-05,False
0.7999996938559093,3.412142420842123e-05,False
0.7999996938559093,3.3908329943454964e-05,False
0.7999996938559093,3.412142420842123e-05,False
0.7999996938559093,3.3908329943454964e-05,False
0.8000028903894741,3.412142420842123e-05,False
0.7999996938559093,3.40148770759381e-05,False
0.7999996938559093,3.412142420842123e-05,False
0.7999996938559093,3.40148770759381e-05,False
0.8000012921226917,3.422797134090393e-05,False
0.8000012921226917,3.40148770759381e-05,False
0.7999996938559093,3.412142420842123e-05,False
0.8000012921226917,3.422797134090393e-05,False
0.7999996938559093,3.40148770759381e-05,False
0.8000012921226917,3.43345184733875e-05,False
0.7999996938559093,3.422797134090393e-05,False
0.7999996938559093,3.412142420842123e-05,False
0.8000012921226917,3.40148770759381e-05,False
0.7999996938559093,3.40148770759381e-05,False
0.8000012921226917,3.380178281097183e-05,False
0.7999996938559093,3.412142420842123e-05,False
0.7999980955891267,3.3908329943454964e-05,False
0.8000012921226917,3.40148770759381e-05,False
0.8000012921226917,3.40148770759381e-05,False
0.8000012921226917,3.412142420842123e-05,False
0.7999996938559093,3.40148770759381e-05,False
0.7999996938559093,3.422797134090393e-05,False
0.8000012921226917,3.40148770759381e-05,False
0.8000012921226917,3.412142420842123e-05,False
0.7999996938559093,3.40148770759381e-05,False
0.7999996938559093,3.422797134090393e-05,False
0.7999996938559093,3.40148770759381e-05,False
0.7999996938559093,3.3908329943454964e-05,False
0.8000028903894741,3.43345184733875e-05,False
0.7999996938559093,3.422797134090393e-05,False
0.7999996938559093,3.40148770759381e-05,False
0.7999996938559093,3.412142420842123e-05,False
0.7999996938559093,3.412142420842123e-05,False
0.8000028903894741,3.412142420842123e-05,False
0.7999996938559093,3.412142420842123e-05,False
0.7999996938559093,3.412142420842123e-05,False
0.7999996938559093,3.422797134090393e-05,False
0.8000012921226917,3.40148770759381e-05,False
0.8000012921226917,3.422797134090393e-05,False
0.7999996938559093,3.40148770759381e-05,False
0.7999996938559093,3.412142420842123e-05,False
0.8000012921226917,3.412142420842123e-05,False
0.8000012921226917,3.40148770759381e-05,False
0.7999996938559093,3.412142420842123e-05,False
0.7999996938559093,3.3908329943454964e-05,False
0.7999996938559093,3.40148770759381e-05,False
0.7999996938559093,3.40148770759381e-05,False
0.8000028903894741,3.40148770759381e-05,False
0.7999996938559093,3.40148770759381e-05,False
0.7999996938559093,3.412142420842123e-05,False
0.7999996938559093,3.412142420842123e-05,False
0.7999996938559093,3.422797134090393e-05,False
0.8000028903894741,3.412142420842123e-05,False
0.7999996938559093,3.422797134090393e-05,False
0.7999996938559093,3.40148770759381e-05,False
0.7999996938559093,3.422797134090393e-05,False
0.7999996938559093,3.412142420842123e-05,False
0.8000028903894741,3.422797134090393e-05,False
0.7999996938559093,3.422797134090393e-05,False
0.7999996938559093,3.4441065605870635e-05,False
0.7999996938559093,3.412142420842123e-05,False
0.8000028903894741,3.43345184733875e-05,False
0.7999996938559093,3.422797134090393e-05,False
0.7999996938559093,3.422797134090393e-05,False
0.7999996938559093,3.43345184733875e-05,False
0.7999996938559093,3.43345184733875e-05,False
0.8000028903894741,3.43345184733875e-05,False
0.7999996938559093,3.422797134090393e-05,False
0.7999996938559093,3.40148770759381e-05,False
0.7999996938559093,3.422797134090393e-05,False
0.7999996938559093,3.412142420842123e-05,False
0.8000028903894741,3.422797134090393e-05,False
0.7999980955891267,3.40148770759381e-05,False
0.8000012921226917,3.40148770759381e-05,False
0.7999996938559093,3.412142420842123e-05,False
0.8000012921226917,3.422797134090393e-05,False
0.8000012921226917,3.422797134090393e-05,False
0.7999996938559093,3.422797134090393e-05,False
0.7999996938559093,3.40148770759381e-05,False
0.8000012921226917,3.412142420842123e-05,False
0.7999996938559093,3.43345184733875e-05,False
0.8000012921226917,3.422797134090393e-05,False
0.7999980955891267,3.40148770759381e-05,False
0.8000012921226917,3.412142420842123e-05,False
0.7999996938559093,3.412142420842123e-05,False
0.8000012921226917,3.422797134090393e-05,False
0.8000012921226917,3.3908329943454964e-05,False
0.7999980955891267,3.422797134090393e-05,False
0.8000012921226917,3.412142420842123e-05,False
0.7999996938559093,3.40148770759381e-05,False
0.8000028903894741,3.412142420842123e-05,False
0.7999996938559093,3.412142420842123e-05,False
0.7999996938559093,3.412142420842123e-05,False
0.7999996938559093,3.422797134090393e-05,False
0.8000012921226917,3.412142420842123e-05,False
0.8000012921226917,3.422797134090393e-05,False
0.7999996938559093,3.422797134090393e-05,False
0.7999996938559093,3.422797134090393e-05,False
0.7999996938559093,3.43345184733875e-05,False
0.8000012921226917,3.412142420842123e-05,False
0.8000012921226917,3.422797134090393e-05,False
0.7999980955891267,3.422797134090393e-05,False
0.8000012921226917,3.40148770759381e-05,False
0.7999996938559093,3.412142420842123e-05,False
0.8000012921226917,3.43345184733875e-05,False
0.7999996938559093,3.422797134090393e-05,False
0.8000012921226917,3.422797134090393e-05,False
0.7999996938559093,3.422797134090393e-05,False
0.8000012921226917,3.422797134090393e-05,False
0.8000012921226917,3.422797134090393e-05,False
0.7999980955891267,3.422797134090393e-05,False
0.8000012921226917,3.412142420842123e-05,False
0.7999996938559093,3.412142420842123e-05,False
0.8000012921226917,3.422797134090393e-05,False
0.8000012921226917,3.422797134090393e-05,False
0.7999980955891267,3.40148770759381e-05,False
0.8000012921226917,3.43345184733875e-05,False
0.7999996938559093,3.412142420842123e-05,False
0.8000012921226917,3.43345184733875e-05,False
0.8000012921226917,3.412142420842123e-05,False
0.7999980955891267,3.412142420842123e-05,False
0.8000012921226917,3.43345184733875e-05,False
0.7999996938559093,3.40148770759381e-05,False
0.8000012921226917,3.43345184733875e-05,False
0.7999996938559093,3.422797134090393e-05,False
0.7999996938559093,3.422797134090393e-05,False
0.8000012921226917,3.43345184733875e-05,False
0.7999996938559093,3.422797134090393e-05,False
0.8000028903894741,3.422797134090393e-05,False
0.7999996938559093,3.422797134090393e-05,False
0.7999980955891267,3.43345184733875e-05,False
0.8000012921226917,3.422797134090393e-05,False
0.8000012921226917,3.40148770759381e-05,False
0.8000012921226917,3.43345184733875e-05,False
0.7999980955891267,3.412142420842123e-05,False
0.8000012921226917,3.422797134090393e-05,False
0.7999996938559093,3.412142420842123e-05,False
0.8000012921226917,3.422797134090393e-05,False
0.7999996938559093,3.422797134090393e-05,False
0.7999996938559093,3.40148770759381e-05,False
0.8000012921226917,3.412142420842123e-05,False
0.7999996938559093,3.40148770759381e-05,False
0.8000012921226917,3.422797134090393e-05,False
0.8000012921226917,3.3908329943454964e-05,False
0.7999996938559093,3.40148770759381e-05,False
0.7999996938559093,3.40148770759381e-05,False
0.7999996938559093,3.412142420842123e-05,False
0.8000028903894741,3.40148770759381e-05,False
0.7999996938559093,3.43345184733875e-05,False
0.7999996938559093,3.422797134090393e-05,False
0.7999996938559093,3.412142420842123e-05,False
0.8000012921226917,3.412142420842123e-05,False
0.7999996938559093,3.412142420842123e-05,False
0.7999996938559093,3.412142420842123e-05,False
0.8000012921226917,3.412142420842123e-05,False
0.7999996938559093,3.40148770759381e-05,False
0.8000012921226917,3.40148770759381e-05,False
0.7999996938559093,3.422797134090393e-05,False
0.7999996938559093,3.412142420842123e-05,False
0.8000012921226917,3.3908329943454964e-05,False
0.7999996938559093,3.422797134090393e-05,False
0.8000028903894741,3.40148770759381e-05,False
0.7999996938559093,3.40148770759381e-05,False
0.7999980955891267,3.412142420842123e-05,False
0.8000012921226917,3.40148770759381e-05,False
0.7999996938559093,3.412142420842123e-05,False
0.8000028903894741,3.40148770759381e-05,False
0.7999980955891267,3.3908329943454964e-05,False
0.8000012921226917,3.40148770759381e-05,False
0.7999996938559093,3.40148770759381e-05,False
0.8000012921226917,3.3908329943454964e-05,False
0.7999996938559093,3.3908329943454964e-05,False
0.7999996938559093,3.40148770759381e-05,False
0.8000012921226917,3.3908329943454964e-05,False
0.7999996938559093,3.40148770759381e-05,False
0.8000012921226917,3.40148770759381e-05,False
0.7999996938559093,3.40148770759381e-05,False
0.7999996938559093,3.3908329943454964e-05,False
0.8000012921226917,3.40148770759381e-05,False
0.7999996938559093,3.40148770759381e-05,False
0.8000028903894741,3.412142420842123e-05,False
0.7999980955891267,3.412142420842123e-05,False
0.8000012921226917,3.40148770759381e-05,False
0.7999996938559093,3.412142420842123e-05,False
0.8000012921226917,3.40148770759381e-05,False
0.7999996938559093,3.422797134090393e-05,False
0.7999996938559093,3.412142420842123e-05,False
0.8000012921226917,3.43345184733875e-05,False
0.7999996938559093,3.3908329943454964e-05,False
0.8000012921226917,3.412142420842123e-05,False
0.7999996938559093,3.412142420842123e-05,False
0.7999996938559093,3.40148770759381e-05,False
0.8000012921226917,3.412142420842123e-05,False
0.7999980955891267,3.40148770759381e-05,False
0.8000028903894741,3.422797134090393e-05,False
0.7999996938559093,3.3908329943454964e-05,False
0.7999996938559093,3.412142420842123e-05,False
0.8000012921226917,3.412142420842123e-05,False
0.7999996938559093,3.3908329943454964e-05,False
0.8000012921226917,3.422797134090393e-05,False
0.7999996938559093,3.40148770759381e-05,False
0.7999996938559093,3.40148770759381e-05,False
0.8000012921226917,3.43345184733875e-05,False
0.8000012921226917,3.40148770759381e-05,False
0.7999996938559093,3.412142420842123e-05,False
0.7999996938559093,3.412142420842123e-05,False
0.7999996938559093,3.40148770759381e-05,False
0.7999996938559093,3.412142420842123e-05,False
0.8000028903894741,3.43345184733875e-05,False
0.7999996938559093,3.422797134090393e-05,False
0.7999996938559093,3.40148770759381e-05,False
0.7999996938559093,3.412142420842123e-05,False
0.8000012921226917,3.412142420842123e-05,False
0.8000012921226917,3.412142420842123e-05,False
0.7999996938559093,3.412142420842123e-05,False
0.7999996938559093,3.3908329943454964e-05,False
0.7999996938559093,3.412142420842123e-05,False
0.8000012921226917,3.412142420842123e-05,False
0.8000028903894741,3.40148770759381e-05,False
0.7999980955891267,3.412142420842123e-05,False
0.8000012921226917,3.412142420842123e-05,False
0.7999980955891267,3.40148770759381e-05,False
0.8000028903894741,3.422797134090393e-05,False
0.7999996938559093,3.412142420842123e-05,False
0.7999996938559093,3.412142420842123e-05,False
0.7999996938559093,3.40148770759381e-05,False
0.8000012921226917,3.3908329943454964e-05,False
0.8000012921226917,3.40148770759381e-05,False
0.7999996938559093,3.422797134090393e-05,False
0.7999996938559093,3.40148770759381e-05,False
0.7999996938559093,3.422797134090393e-05,False
0.8000012921226917,3.43345184733875e-05,False
0.8000012921226917,3.43345184733875e-05,False
0.7999996938559093,3.412142420842123e-05,False
0.7999996938559093,3.422797134090393e-05,False
0.7999996938559093,3.412142420842123e-05,False
0.8000012921226917,3.422797134090393e-05,False
0.8000012921226917,3.43345184733875e-05,False
0.7999996938559093,3.412142420842123e-05,False
0.7999996938559093,3.422797134090393e-05,False
0.8000012921226917,3.43345184733875e-05,False
0.8000012921226917,3.412142420842123e-05,False
0.7999996938559093,3.43345184733875e-05,False
0.7999996938559093,3.422797134090393e-05,False
0.7999996938559093,3.4441065605870635e-05,False
0.8000012921226917,3.40148770759381e-05,False
0.8000012921226917,3.43345184733875e-05,False
0.7999996938559093,3.422797134090393e-05,False
0.7999996938559093,3.40148770759381e-05,False
0.7999996938559093,3.412142420842123e-05,False
0.8000012921226917,3.412142420842123e-05,False
0.8000012921226917,3.412142420842123e-05,False
0.7999996938559093,3.422797134090393e-05,False
0.7999996938559093,3.43345184733875e-05,False
0.7999996938559093,3.412142420842123e-05,False
0.8000028903894741,3.40148770759381e-05,False
0.7999996938559093,3.412142420842123e-05,False
0.7999996938559093,3.422797134090393e-05,False
0.7999996938559093,3.422797134090393e-05,False
0.7999996938559093,3.3908329943454964e-05,False
0.8000028903894741,3.412142420842123e-05,False
0.7999996938559093,3.40148770759381e-05,False
0.7999996938559093,3.412142420842123e-05,False
0.7999996938559093,3.422797134090393e-05,False
0.7999996938559093,3.412142420842123e-05,False
0.8000028903894741,3.422797134090393e-05,False
0.7999996938559093,3.43345184733875e-05,False
0.7999996938559093,3.40148770759381e-05,False
0.7999996938559093,3.412142420842123e-05,False
0.8000012921226917,3.3908329943454964e-05,False
0.8000012921226917,3.412142420842123e-05,False
0.7999996938559093,3.40148770759381e-05,False
0.7999996938559093,3.40148770759381e-05,False
0.7999996938559093,3.422797134090393e-05,False
0.8000028903894741,3.43345184733875e-05,False
0.7999996938559093,3.412142420842123e-05,False
0.7999996938559093,3.412142420842123e-05,False
0.7999996938559093,3.422797134090393e-05,False
0.7999996938559093,3.422797134090393e-05,False
0.8000028903894741,3.43345184733875e-05,False
0.7999996938559093,3.412142420842123e-05,False
0.7999996938559093,3.40148770759381e-05,False
0.8000012921226917,3.412142420842123e-05,False
0.7999980955891267,3.422797134090393e-05,False
0.8000028903894741,3.422797134090393e-05,False
0.7999996938559093,3.43345184733875e-05,False
0.7999996938559093,3.40148770759381e-05,False
0.7999996938559093,3.412142420842123e-05,False
0.8000012921226917,3.43345184733875e-05,False
0.8000012921226917,3.412142420842123e-05,False
0.7999996938559093,3.43345184733875e-05,False
0.7999996938559093,3.422797134090393e-05,False
0.7999996938559093,3.412142420842123e-05,False
0.8000012921226917,3.422797134090393e-05,False
0.8000012921226917,3.422797134090393e-05,False
0.7999996938559093,3.412142420842123e-05,False
0.7999996938559093,3.4441065605870635e-05,False
0.7999996938559093,3.412142420842123e-05,False
0.8000012921226917,3.43345184733875e-05,False
0.8000012921226917,3.4547612738353335e-05,False
0.7999996938559093,3.4441065605870635e-05,False
0.7999996938559093,3.43345184733875e-05,False
0.7999996938559093,3.422797134090393e-05,False
0.8000028903894741,3.4441065605870635e-05,False
0.7999996938559093,3.4441065605870635e-05,False
0.7999996938559093,3.43345184733875e-05,False
0.7999996938559093,3.43345184733875e-05,False
0.7999996938559093,3.40148770759381e-05,False
0.8000028903894741,3.422797134090393e-05,False
0.7999980955891267,3.422797134090393e-05,False
0.8000012921226917,3.43345184733875e-05,False
0.7999996938559093,3.412142420842123e-05,False
0.8000028903894741,3.4441065605870635e-05,False
0.7999980955891267,3.4441065605870635e-05,False
0.8000012921226917,3.43345184733875e-05,False
0.7999996938559093,3.412142420842123e-05,False
0.7999996938559093,3.422797134090393e-05,False
0.8000012921226917,3.4441065605870635e-05,False
0.8000012921226917,3.422797134090393e-05,False
0.7999980955891267,3.43345184733875e-05,False
0.8000012921226917,3.422797134090393e-05,False
0.7999996938559093,3.422797134090393e-05,False
0.8000028903894741,3.43345184733875e-05,False
0.7999996938559093,3.43345184733875e-05,False
0.7999996938559093,3.422797134090393e-05,False
0.7999996938559093,3.412142420842123e-05,False
0.8000012921226917,3.43345184733875e-05,False
0.8000012921226917,3.422797134090393e-05,False
0.7999996938559093,3.43345184733875e-05,False
0.7999996938559093,3.4441065605870635e-05,False
0.7999996938559093,3.422797134090393e-05,False
0.8000012921226917,3.43345184733875e-05,False
0.8000012921226917,3.422797134090393e-05,False
0.7999980955891267,3.422797134090393e-05,False
0.8000012921226917,3.43345184733875e-05,False
0.7999996938559093,3.412142420842123e-05,False
0.8000012921226917,3.43345184733875e-05,False
0.7999996938559093,3.412142420842123e-05,False
0.7999996938559093,3.422797134090393e-05,False
0.8000012921226917,3.43345184733875e-05,False
0.7999996938559093,3.412142420842123e-05,False
0.8000012921226917,3.412142420842123e-05,False
0.8000012921226917,3.43345184733875e-05,False
0.7999996938559093,3.412142420842123e-05,False
0.7999996938559093,3.422797134090393e-05,False
0.8000012921226917,3.422797134090393e-05,False
0.7999996938559093,3.422797134090393e-05,False
0.7999996938559093,3.412142420842123e-05,False
0.8000012921226917,3.422797134090393e-05,False
0.7999996938559093,3.412142420842123e-05,False
0.8000012921226917,3.422797134090393e-05,False
0.8000012921226917,3.43345184733875e-05,False
0.7999980955891267,3.412142420842123e-05,False
0.8000012921226917,3.412142420842123e-05,False
0.7999996938559093,3.422797134090393e-05,False
0.8000012921226917,3.43345184733875e-05,False
0.8000012921226917,3.412142420842123e-05,False
0.7999980955891267,3.40148770759381e-05,False
0.8000012921226917,3.422797134090393e-05,False
0.7999996938559093,3.43345184733875e-05,False
0.8000028903894741,3.422797134090393e-05,False
0.7999996938559093,3.40148770759381e-05,False
0.7999996938559093,3.40148770759381e-05,False
0.7999996938559093,3.40148770759381e-05,False
0.8000012921226917,3.412142420842123e-05,False
0.7999996938559093,3.3908329943454964e-05,False
0.8000012921226917,3.40148770759381e-05,False
0.7999996938559093,3.3908329943454964e-05,False
0.7999996938559093,3.3908329943454964e-05,False
0.8000012921226917,3.40148770759381e-05,False
0.7999996938559093,3.422797134090393e-05,False
0.7999996938559093,3.412142420842123e-05,False
0.8000012921226917,3.412142420842123e-05,False
0.7999996938559093,3.412142420842123e-05,False
0.8000012921226917,3.40148770759381e-05,False
0.8000012921226917,3.412142420842123e-05,False
0.7999996938559093,3.40148770759381e-05,False
0.7999996938559093,3.412142420842123e-05,False
0.7999996938559093,3.3908329943454964e-05,False
0.8000012921226917,3.40148770759381e-05,False
0.8000012921226917,3.412142420842123e-05,False
0.7999996938559093,3.40148770759381e-05,False
0.7999996938559093,3.40148770759381e-05,False
0.8000028903894741,3.412142420842123e-05,False
0.7999980955891267,3.3908329943454964e-05,False
0.7999996938559093,3.412142420842123e-05,False
0.8000012921226917,3.422797134090393e-05,False
0.7999996938559093,3.412142420842123e-05,False
0.8000012921226917,3.40148770759381e-05,False
0.7999996938559093,3.412142420842123e-05,False
0.7999996938559093,3.40148770759381e-05,False
0.8000012921226917,3.422797134090393e-05,False
0.7999996938559093,3.40148770759381e-05,False
0.8000012921226917,3.422797134090393e-05,False
0.7999996938559093,3.40148770759381e-05,False
0.8000012921226917,3.412142420842123e-05,False
0.7999980955891267,3.40148770759381e-05,False
0.8000012921226917,3.43345184733875e-05,False
0.8000028903894741,3.422797134090393e-05,False
0.7999980955891267,3.40148770759381e-05,False
0.8000012921226917,3.412142420842123e-05,False
0.7999996938559093,3.40148770759381e-05,False
0.8000012921226917,3.43345184733875e-05,False
0.7999996938559093,3.412142420842123e-05,False
0.7999996938559093,3.40148770759381e-05,False
0.7999996938559093,3.40148770759381e-05,False
0.8000012921226917,3.422797134090393e-05,False
0.8000012921226917,3.422797134090393e-05,False
0.7999996938559093,3.422797134090393e-05,False
0.7999996938559093,3.412142420842123e-05,False
0.7999996938559093,3.422797134090393e-05,False
0.8000012921226917,3.3908329943454964e-05,False
0.8000012921226917,3.412142420842123e-05,False
0.7999996938559093,3.422797134090393e-05,False
0.7999996938559093,3.412142420842123e-05,False
0.8000012921226917,3.412142420842123e-05,False
0.8000012921226917,3.412142420842123e-05,False
0.8000012921226917,3.422797134090393e-05,False
0.7999980955891267,3.412142420842123e-05,False
0.8000012921226917,3.412142420842123e-05,False
0.7999996938559093,3.40148770759381e-05,False
0.8000012921226917,3.422797134090393e-05,False
0.7999996938559093,3.40148770759381e-05,False
0.7999996938559093,3.422797134090393e-05,False
0.8000012921226917,3.43345184733875e-05,False
0.7999980955891267,3.412142420842123e-05,False
0.8000028903894741,3.412142420842123e-05,False
0.7999996938559093,3.40148770759381e-05,False
0.7999996938559093,3.40148770759381e-05,False
0.8000012921226917,3.412142420842123e-05,False
0.7999996938559093,3.40148770759381e-05,False
0.8000012921226917,3.412142420842123e-05,False
0.7999996938559093,3.422797134090393e-05,False
0.7999996938559093,3.412142420842123e-05,False
0.8000012921226917,3.412142420842123e-05,False
0.8000012921226917,3.40148770759381e-05,False
0.7999996938559093,3.412142420842123e-05,False
0.7999996938559093,3.412142420842123e-05,False
0.7999996938559093,3.412142420842123e-05,False
0.8000012921226917,3.412142420842123e-05,False
0.8000012921226917,3.412142420842123e-05,False
0.7999996938559093,3.3908329943454964e-05,False
0.7999996938559093,3.40148770759381e-05,False
0.7999996938559093,3.4441065605870635e-05,False
0.8000012921226917,3.40148770759381e-05,False
0.8000012921226917,3.40148770759381e-05,False
0.7999996938559093,3.3908329943454964e-05,False
0.7999996938559093,3.40148770759381e-05,False
0.7999996938559093,3.422797134090393e-05,False
0.8000012921226917,3.380178281097183e-05,False
0.8000012921226917,3.422797134090393e-05,False
0.7999996938559093,3.412142420842123e-05,False
0.8000012921226917,3.3908329943454964e-05,False
0.7999980955891267,3.412142420842123e-05,False
0.8000028903894741,3.40148770759381e-05,False
0.7999996938559093,3.40148770759381e-05,False
0.7999996938559093,3.412142420842123e-05,False
0.7999996938559093,3.422797134090393e-05,False
0.8000012921226917,3.412142420842123e-05,False
0.8000012921226917,3.3908329943454964e-05,False
0.7999996938559093,3.422797134090393e-05,False
0.7999996938559093,3.43345184733875e-05,False
0.7999996938559093,3.412142420842123e-05,False
0.7999996938559093,3.412142420842123e-05,False
0.8000028903894741,3.412142420842123e-05,False
0.7999996938559093,3.3908329943454964e-05,False
0.7999996938559093,3.422797134090393e-05,False
0.7999996938559093,3.422797134090393e-05,False
0.8000012921226917,3.422797134090393e-05,False
0.8000012921226917,3.422797134090393e-05,False
0.7999996938559093,3.412142420842123e-05,False
0.7999996938559093,3.422797134090393e-05,False
0.8000012921226917,3.43345184733875e-05,False
0.8000012921226917,3.412142420842123e-05,False
0.7999996938559093,3.422797134090393e-05,False
0.7999996938559093,3.40148770759381e-05,False
0.7999996938559093,3.412142420842123e-05,False
0.8000012921226917,3.422797134090393e-05,False
0.8000012921226917,3.422797134090393e-05,False
0.7999996938559093,3.43345184733875e-05,False
0.7999996938559093,3.412142420842123e-05,False
0.7999996938559093,3.412142420842123e-05,False
0.7999996938559093,3.40148770759381e-05,False
0.8000028903894741,3.412142420842123e-05,False
0.7999996938559093,3.422797134090393e-05,False
0.7999996938559093,3.43345184733875e-05,False
0.7999996938559093,3.412142420842123e-05,False
0.8000012921226917,3.4441065605870635e-05,False
0.8000012921226917,3.412142420842123e-05,False
0.7999996938559093,3.422797134090393e-05,False
0.8000012921226917,3.422797134090393e-05,False
0.7999996938559093,3.43345184733875e-05,False
0.8000012921226917,3.43345184733875e-05,False
0.7999996938559093,3.422797134090393e-05,False
0.7999980955891267,3.422797134090393e-05,False
0.8000012921226917,3.4441065605870635e-05,False
0.7999996938559093,3.43345184733875e-05,False
0.8000028903894741,3.422797134090393e-05,False
0.7999996938559093,3.43345184733875e-05,False
0.7999996938559093,3.4441065605870635e-05,False
0.7999996938559093,3.422797134090393e-05,False
0.8000012921226917,3.4441065605870635e-05,False
0.8000012921226917,3.422797134090393e-05,False
0.7999996938559093,3.4441065605870635e-05,False
0.7999996938559093,3.412142420842123e-05,False
0.8000012921226917,3.422797134090393e-05,False
0.8000012921226917,3.422797134090393e-05,False
0.7999996938559093,3.43345184733875e-05,False
0.7999996938559093,3.40148770759381e-05,False
0.7999996938559093,3.43345184733875e-05,False
0.7999996938559093,3.412142420842123e-05,False
0.8000028903894741,3.422797134090393e-05,False
0.7999996938559093,3.412142420842123e-05,False
0.7999996938559093,3.412142420842123e-05,False
0.7999996938559093,3.412142420842123e-05,False
0.7999996938559093,3.43345184733875e-05,False
0.8000028903894741,3.422797134090393e-05,False
0.7999996938559093,3.412142420842123e-05,False
0.7999996938559093,3.422797134090393e-05,False
0.7999996938559093,3.40148770759381e-05,False
0.8000012921226917,3.422797134090393e-05,False
0.8000012921226917,3.422797134090393e-05,False
0.7999996938559093,3.412142420842123e-05,False
0.7999996938559093,3.422797134090393e-05,False
0.7999996938559093,3.422797134090393e-05,False
0.8000012921226917,3.40148770759381e-05,False
0.8000012921226917,3.43345184733875e-05,False
0.7999996938559093,3.412142420842123e-05,False
0.7999996938559093,3.412142420842123e-05,False
0.7999996938559093,3.412142420842123e-05,False
0.8000012921226917,3.422797134090393e-05,False
0.8000012921226917,3.412142420842123e-05,False
0.7999980955891267,3.40148770759381e-05,False
0.8000012921226917,3.412142420842123e-05,False
0.8000012921226917,3.422797134090393e-05,False
0.7999996938559093,3.40148770759381e-05,False
0.8000012921226917,3.40148770759381e-05,False
0.7999996938559093,3.412142420842123e-05,False
0.7999996938559093,3.40148770759381e-05,False
0.8000012921226917,3.412142420842123e-05,False
0.8000012921226917,3.412142420842123e-05,False
0.7999996938559093,3.412142420842123e-05,False
0.7999996938559093,3.412142420842123e-05,False
0.7999996938559093,3.43345184733875e-05,False
0.8000028903894741,3.412142420842123e-05,False
0.7999996938559093,3.412142420842123e-05,False
0.7999996938559093,3.412142420842123e-05,False
0.7999996938559093,3.422797134090393e-05,False
0.7999996938559093,3.412142420842123e-05,False
0.8000012921226917,3.412142420842123e-05,False
0.8000012921226917,3.412142420842123e-05,False
0.7999996938559093,3.412142420842123e-05,False
0.7999996938559093,3.43345184733875e-05,False
0.7999996938559093,3.422797134090393e-05,False
0.8000012921226917,3.43345184733875e-05,False
0.7999996938559093,3.4441065605870635e-05,False
0.8000012921226917,3.4441065605870635e-05,False
0.7999996938559093,3.4441065605870635e-05,False
0.7999996938559093,3.43345184733875e-05,False
0.8000028903894741,3.43345184733875e-05,False
0.7999996938559093,3.43345184733875e-05,False
0.7999996938559093,3.43345184733875e-05,False
0.7999996938559093,3.412142420842123e-05,False
0.8000012921226917,3.43345184733875e-05,False
0.8000012921226917,3.422797134090393e-05,False
0.7999980955891267,3.43345184733875e-05,False
0.8000012921226917,3.43345184733875e-05,False
0.7999996938559093,3.412142420842123e-05,False
0.8000028903894741,3.43345184733875e-05,False
0.7999980955891267,3.412142420842123e-05,False
0.7999996938559093,3.422797134090393e-05,False
0.8000012921226917,3.422797134090393e-05,False
0.7999996938559093,3.43345184733875e-05,False
0.8000028903894741,3.40148770759381e-05,False
0.7999996938559093,3.40148770759381e-05,False
0.7999996938559093,3.422797134090393e-05,False
0.7999996938559093,3.43345184733875e-05,False
0.8000012921226917,3.412142420842123e-05,False
0.8000012921226917,3.412142420842123e-05,False
0.7999996938559093,3.412142420842123e-05,False
0.7999996938559093,3.43345184733875e-05,False
0.7999996938559093,3.412142420842123e-05,False
0.8000012921226917,3.422797134090393e-05,False
0.8000012921226917,3.422797134090393e-05,False
0.7999980955891267,3.40148770759381e-05,False
0.8000012921226917,3.422797134090393e-05,False
0.7999980955891267,3.422797134090393e-05,False
0.8000044886562565,3.422797134090393e-05,False
0.7999996938559093,3.422797134090393e-05,False
0.7999980955891267,3.43345184733875e-05,False
0.8000012921226917,3.43345184733875e-05,False
0.7999996938559093,3.40148770759381e-05,False
0.8000012921226917,3.43345184733875e-05,False
0.8000012921226917,3.422797134090393e-05,False
0.7999996938559093,3.412142420842123e-05,False
0.7999996938559093,3.422797134090393e-05,False
0.8000012921226917,3.422797134090393e-05,False
0.8000012921226917,3.422797134090393e-05,False
0.7999996938559093,3.422797134090393e-05,False
0.7999996938559093,3.4441065605870635e-05,False
0.7999996938559093,3.422797134090393e-05,False
0.8000012921226917,3.4441065605870635e-05,False
0.8000012921226917,3.4441065605870635e-05,False
0.7999980955891267,3.412142420842123e-05,False
0.8000012921226917,3.4441065605870635e-05,False
0.7999996938559093,3.43345184733875e-05,False
0.8000012921226917,3.422797134090393e-05,False
0.8000012921226917,3.43345184733875e-05,False
0.7999996938559093,3.422797134090393e-05,False
0.7999996938559093,3.4441065605870635e-05,False
0.7999996938559093,3.422797134090393e-05,False
0.8000028903894741,3.43345184733875e-05,False
0.7999980955891267,3.422797134090393e-05,False
0.7999996938559093,3.422797134090393e-05,False
0.8000012921226917,3.43345184733875e-05,False
0.8000012921226917,3.43345184733875e-05,False
0.7999996938559093,3.412142420842123e-05,False
0.8000012921226917,3.43345184733875e-05,False
0.7999996938559093,3.422797134090393e-05,False
0.7999980955891267,3.422797134090393e-05,False
0.8000028903894741,3.40148770759381e-05,False
0.8000012921226917,3.43345184733875e-05,False
0.7999980955891267,3.422797134090393e-05,False
0.8000012921226917,3.422797134090393e-05,False
0.7999996938559093,3.43345184733875e-05,False
0.8000028903894741,3.412142420842123e-05,False
0.7999980955891267,3.412142420842123e-05,False
0.8000012921226917,3.422797134090393e-05,False
0.7999996938559093,3.412142420842123e-05,False
0.7999996938559093,3.422797134090393e-05,False
0.8000012921226917,3.40148770759381e-05,False
0.7999996938559093,3.422797134090393e-05,False
0.8000012921226917,3.412142420842123e-05,False
0.7999996938559093,3.412142420842123e-05,False
0.8000012921226917,3.40148770759381e-05,False
0.7999996938559093,3.43345184733875e-05,False
0.7999996938559093,3.412142420842123e-05,False
0.8000012921226917,3.4441065605870635e-05,False
0.7999980955891267,3.43345184733875e-05,False
0.8000028903894741,3.412142420842123e-05,False
0.7999996938559093,3.422797134090393e-05,False
0.7999996938559093,3.412142420842123e-05,False
0.8000012921226917,3.422797134090393e-05,False
0.7999996938559093,3.422797134090393e-05,False
0.8000012921226917,3.412142420842123e-05,False
0.7999996938559093,3.412142420842123e-05,False
0.7999996938559093,3.422797134090393e-05,False
0.8000012921226917,3.412142420842123e-05,False
0.8000012921226917,3.412142420842123e-05,False
0.7999996938559093,3.43345184733875e-05,False
0.7999996938559093,3.412142420842123e-05,False
0.8000012921226917,3.43345184733875e-05,False
0.7999996938559093,3.422797134090393e-05,False
0.8000012921226917,3.40148770759381e-05,False
0.7999996938559093,3.40148770759381e-05,False
0.7999996938559093,3.43345184733875e-05,False
0.7999996938559093,3.4441065605870635e-05,False
0.8000012921226917,3.422797134090393e-05,False
0.8000012921226917,3.43345184733875e-05,False
0.7999996938559093,3.422797134090393e-05,False
0.7999996938559093,3.422797134090393e-05,False
0.7999996938559093,3.422797134090393e-05,False
0.8000012921226917,3.422797134090393e-05,False
0.8000012921226917,3.43345184733875e-05,False
0.7999996938559093,3.43345184733875e-05,False
0.7999996938559093,3.422797134090393e-05,False
0.8000012921226917,3.422797134090393e-05,False
0.8000012921226917,3.422797134090393e-05,False
0.7999996938559093,3.43345184733875e-05,False
0.7999996938559093,3.43345184733875e-05,False
0.8000012921226917,3.43345184733875e-05,False
0.7999996938559093,3.422797134090393e-05,False
0.8000012921226917,3.422797134090393e-05,False
0.7999996938559093,3.43345184733875e-05,False
0.7999996938559093,3.412142420842123e-05,False
0.8000012921226917,3.43345184733875e-05,False
0.7999996938559093,3.43345184733875e-05,False
0.8000012921226917,3.422797134090393e-05,False
0.7999996938559093,3.422797134090393e-05,False
0.7999996938559093,3.422797134090393e-05,False
0.7999996938559093,3.422797134090393e-05,False
0.8000012921226917,3.43345184733875e-05,False
0.8000012921226917,3.412142420842123e-05,False
0.7999996938559093,3.422797134090393e-05,False
0.7999996938559093,3.43345184733875e-05,False
0.8000012921226917,3.412142420842123e-05,False
0.8000012921226917,3.412142420842123e-05,False
0.7999996938559093,3.422797134090393e-05,False
0.7999996938559093,3.422797134090393e-05,False
0.7999996938559093,3.43345184733875e-05,False
0.7999996938559093,3.43345184733875e-05,False
0.8000028903894741,3.412142420842123e-05,False
0.7999996938559093,3.422797134090393e-05,False
0.7999996938559093,3.422797134090393e-05,False
0.7999996938559093,3.422797134090393e-05,False
0.7999996938559093,3.422797134090393e-05,False
0.8000028903894741,3.43345184733875e-05,False
0.7999996938559093,3.412142420842123e-05,False
0.7999996938559093,3.43345184733875e-05,False
0.7999996938559093,3.40148770759381e-05,False
0.8000012921226917,3.43345184733875e-05,False
0.8000012921226917,3.422797134090393e-05,False
0.7999996938559093,3.412142420842123e-05,False
0.7999996938559093,3.43345184733875e-05,False
0.8000012921226917,3.43345184733875e-05,False
0.8000012921226917,3.422797134090393e-05,False
0.7999996938559093,3.422797134090393e-05,False
0.7999996938559093,3.422797134090393e-05,False
0.8000012921226917,3.422797134090393e-05,False
0.7999980955891267,3.412142420842123e-05,False
0.8000028903894741,3.422797134090393e-05,False
0.7999996938559093,3.412142420842123e-05,False
0.7999996938559093,3.40148770759381e-05,False
0.7999996938559093,3.412142420842123e-05,False
0.7999996938559093,3.40148770759381e-05,False
0.8000028903894741,3.422797134090393e-05,False
0.7999996938559093,3.422797134090393e-05,False
0.7999996938559093,3.422797134090393e-05,False
0.7999996938559093,3.422797134090393e-05,False
0.8000012921226917,3.43345184733875e-05,False
