0x1c04e940:	0xf5f4f6f6	0xf3f4f4f3	0xf4f4f6f4	0xf4f4f6f4
0x1c04e950:	0xf4f4f4f4	0xf6f4f6f4	0xf4f4f4f4	0xf5f4f6f4
0x1c04e960:	0xf6f4f4f6	0xf6f4f4f4	0xf4f4f5f4	0xf4f4f4f4
0x1c04e970:	0xf4f4f6f3	0xf5f4f4f4	0xf6f6f4f3	0xf4f6f4f4
0x1c04e980:	0xf5f4f6f5	0xf4f4f4f4	0xf6f3f6f4	0xf6f4f6f4
0x1c04e990:	0xf6f4f6f4	0xf4f5f4f4	0xf4f4f6f4	0xf4f4f4f4
0x1c04e9a0:	0xf6f4f4f4	0xf5f6f4f6	0xf6f4f5f4	0xf6f4f4f4
0x1c04e9b0:	0xf6f4f6f4	0xf4f5f5f4	0xf4f4f4f6	0xf4f4f4f5
0x1c04e9c0:	0xf6f4f6f4	0xf4f4f4f5	0xf4f4f4f4	0xf4f4f5f4
0x1c04e9d0:	0xf6f4f4f5	0xf6f4f4f4	0xf4f4f5f4	0xf4f3f4f4
0x1c04e9e0:	0xf6f4f4f6	0xf6f5f6f3	0xf5f5f6f4	0xf6f4f4f4
0x1c04e9f0:	0xf5f4f4f4	0xf4f4f4f4	0xf4f4f4f4	0xf4f4f4f4
0x1c04ea00:	0xf6f4f4f4	0xf5f5f5f4	0xf5f3f5f6	0xf4f4f4f6
0x1c04ea10:	0xf4f4f6f4	0xf4f4f4f4	0xf6f4f6f4	0xf4f4f4f5
0x1c04ea20:	0xf5f4f6f4	0xf6f4f6f4	0xf5f4f5f4	0xf4f4f4f6
0x1c04ea30:	0xf5f4f4f4	0xf5f4f5f4	0xf6f4f5f4	0xf5f4f4f4
0x1c04ea40:	0xf6f5f4f4	0xf5f4f6f4	0xf5f6f5f5	0xf6f4f6f5
0x1c04ea50:	0xf5f4f5f4	0xf4f4f4f4	0xf6f4f4f4	0xf5f4f4f4
0x1c04ea60:	0xf6f4f4f4	0xf6f5f5f4	0xf5f4f4f4	0xf4f4f4f4
0x1c04ea70:	0xf6f5f5f4	0xf4f4f4f5	0xf6f4f4f4	0xf4f4f5f6
0x1c04ea80:	0xf6f4f4f4	0xf6f4f6f4	0xf6f6f4f4	0xf4f4f4f5
0x1c04ea90:	0xf4f4f4f4	0xf4f4f4f4	0xf4f4f5f4	0xf5f4f4f4
0x1c04eaa0:	0xf6f4f5f4	0xf6f6f6f4	0xf6f4f6f4	0xf6f4f5f4
0x1c04eab0:	0xf4f5f6f4	0xf5f4f5f4	0xf4f4f6f4	0xf4f4f4f5
0x1c04eac0:	0xf6f4f4f4	0xf5f4f5f6	0xf5f4f6f5	0xf5f4f5f4
0x1c04ead0:	0xf5f4f4f3	0xf5f4f5f4	0xf4f4f4f4	0xf6f4f4f4
0x1c04eae0:	0xf6f4f4f4	0xf5f4f5f5	0xf5f5f5f4	0xf5f4f6f4
0x1c04eaf0:	0xf5f4f5f4	0xf5f4f4f4	0xf4f5f5f4	0xf4f3f4f4
0x1c04eb00:	0xf5f4f5f5	0xf5f4f5f4	0xf5f4f6f5	0xf5f4f4f5
0x1c04eb10:	0xf5f4f4f4	0xf4f4f4f4	0xf4f4f4f4	0xf4f4f5f5
0x1c04eb20:	0xf5f4f5f4	0xf5f4f5f4	0xf5f5f5f4	0xf5f4f6f4
0x1c04eb30:	0xf4f6f5f5	0xf4f4f4f4	0xf4f4f4f4	0xf4f4f4f5
