0x1c04e940:	0xfcfcfcfc	0xfbfcfcfc	0xfcfcfcfc	0xfcfcfcfc
0x1c04e950:	0xfcfcfcfc	0xfcfcfcfc	0xfcfcfcfc	0xfcfcfcfc
0x1c04e960:	0xfcfcfbfc	0xfcfcfcfc	0xfcfcfcfc	0xfcfcfcfc
0x1c04e970:	0xfcfcfcfc	0xfcfcfcfc	0xfcfcfcfc	0xfcfcfcfc
0x1c04e980:	0xfcfbfcfc	0xfcfcfcfc	0xfcfbfcfb	0xfcfcfcfc
0x1c04e990:	0xfcfcfcfc	0xfcfcfcfc	0xfcfcfcfc	0xfbfcfcfc
0x1c04e9a0:	0xfcfcfbfc	0xfcfcfcfc	0xfcfbfcfc	0xfcfcfcfc
0x1c04e9b0:	0xfcfcfcfc	0xfcfcfcfc	0xfcfcfcfc	0xfcfcfcfc
0x1c04e9c0:	0xfcfcfcfb	0xfcfcfbfc	0xfcfcfcfc	0xfcfcfcfc
0x1c04e9d0:	0xfcfcfcfc	0xfcfcfcfc	0xfcfcfcfc	0xfcfbfcfc
0x1c04e9e0:	0xfcfcfcfc	0xfcfcfcfb	0xfcfcfcfc	0xfcfcfbfc
0x1c04e9f0:	0xfcfcfcfc	0xfcfcfcfc	0xfcfcfcfc	0xfcfcfcfb
0x1c04ea00:	0xfcfcfcfc	0xfcfcfcfc	0xfcfcfcfc	0xfcfcfcfc
0x1c04ea10:	0xfcfcfcfc	0xfbfcfcfc	0xfcfcfcfc	0xfcfcfcfc
0x1c04ea20:	0xfbfbfcfc	0xfcfcfcfc	0xfcfbfcfc	0xfbfbfcfc
0x1c04ea30:	0xfcfcfbfc	0xfcfcfcfc	0xfcfcfcfc	0xfcfcfcfc
0x1c04ea40:	0xfcfcfcfc	0xfcfcfcfb	0xfcfcfcfc	0xfcfcfcfc
0x1c04ea50:	0xfcfcfcfc	0xfcfcfcfc	0xfcfcfcfc	0xfcfcfcfc
0x1c04ea60:	0xfcfcfcfc	0xfcfcfcfc	0xfcfcfcfc	0xfbfcfcfc
0x1c04ea70:	0xfcfcfcfc	0xfcfcfcfc	0xfcfcfcfc	0xfcfcfcfc
0x1c04ea80:	0xfcfcfcfc	0xfcfcfcfc	0xfcfcfcfc	0xfcfcfcfc
0x1c04ea90:	0xfcfcfcfc	0xfcfcfcfb	0xfcfbfcfc	0xfcfcfcfc
0x1c04eaa0:	0xfcfbfbfc	0xfcfcfcfc	0xfcfcfcfc	0xfcfcfcfc
0x1c04eab0:	0xfcfcfcfc	0xfcfcfcfc	0xfcfbfcfc	0xfbfcfbfc
0x1c04eac0:	0xfcfcfcfc	0xfcfcfcfc	0xfcfcfcfc	0xfcfbfcfc
0x1c04ead0:	0xfcfcfcfb	0xfcfcfcfc	0xfbfcfcfc	0xfcfcfcfc
0x1c04eae0:	0xfcfcfcfc	0xfcfbfcfc	0xfcfcfcfc	0xfcfbfcfc
0x1c04eaf0:	0xfcfcfcfb	0xfcfcfcfc	0xfcfcfcfc	0xfcfbfcfc
0x1c04eb00:	0xfcfcfcfc	0xfcfcfcfc	0xfcfcfcfc	0xfcfcfcfc
0x1c04eb10:	0xfcfcfcfc	0xfbfbfbfc	0xfbfcfcfc	0xfcfcfcfc
0x1c04eb20:	0xfbfcfcfc	0xfcfcfcfb	0xfcfcfcfb	0xfcfcfcfb
0x1c04eb30:	0xfcfcfcfc	0xfcfcfcfc	0xfcfcfcfb	0xfcfbfcfc
