0x1c04e940:	0xe1e0e1e1	0xe0e0e1e0	0xe0e0e1e0	0xe1e0e0e0
0x1c04e950:	0xe1e0e0e0	0xe1e0e1e0	0xe0e0e0e0	0xe0e0e1e0
0x1c04e960:	0xe3e0e0e1	0xe1e0e0e0	0xe1e0e1e0	0xe1e0e1e1
0x1c04e970:	0xe1e0e1e0	0xe1e0e1e0	0xe1e0e0e0	0xe0e0e0e0
0x1c04e980:	0xe1e0e1e1	0xe0e0e1e0	0xe1e0e1e0	0xe1e0e2e0
0x1c04e990:	0xe1e0e1e0	0xe1e1e0e0	0xe0e0e1e0	0xe0e0e0e0
0x1c04e9a0:	0xe3e0e1e0	0xe1e1e1e1	0xe1e0e1e0	0xe1e1e1e0
0x1c04e9b0:	0xe1e0e1e0	0xe0e1e1e0	0xe0e0e0e1	0xe0e0e0e0
0x1c04e9c0:	0xe1e1e1e0	0xe0e0e1e1	0xe1e0e1e0	0xe1e0e1e0
0x1c04e9d0:	0xe1e0e1e1	0xe1e0e1e0	0xe0e0e0e0	0xe0e0e0e0
0x1c04e9e0:	0xe3e1e1e1	0xe2e1e1e0	0xe1e1e1e0	0xe1e0e0e0
0x1c04e9f0:	0xe1e0e1e0	0xe1e1e0e0	0xe0e0e1e0	0xe0e0e0e0
0x1c04ea00:	0xe2e0e1e1	0xe1e1e1e0	0xe1e0e1e0	0xe0e0e1e1
0x1c04ea10:	0xe1e1e1e0	0xe0e1e0e1	0xe1e0e1e0	0xe1e0e0e1
0x1c04ea20:	0xe1e0e1e0	0xe1e0e2e0	0xe1e0e1e1	0xe1e0e1e1
0x1c04ea30:	0xe1e0e0e0	0xe1e1e1e0	0xe1e0e1e0	0xe1e0e0e0
0x1c04ea40:	0xe2e1e1e1	0xe1e1e1e0	0xe1e1e1e1	0xe1e1e1e1
0x1c04ea50:	0xe1e1e1e0	0xe0e0e1e0	0xe1e0e0e0	0xe1e0e1e0
0x1c04ea60:	0xe3e0e1e1	0xe1e1e1e0	0xe1e0e1e1	0xe0e0e1e0
0x1c04ea70:	0xe2e1e1e0	0xe1e0e1e1	0xe1e0e1e0	0xe0e0e1e0
0x1c04ea80:	0xe3e1e1e1	0xe1e1e1e0	0xe2e1e1e0	0xe1e0e1e1
0x1c04ea90:	0xe1e1e1e0	0xe0e0e1e0	0xe0e0e1e0	0xe1e0e0e0
0x1c04eaa0:	0xe2e0e1e1	0xe2e1e1e0	0xe1e1e1e0	0xe2e0e1e0
0x1c04eab0:	0xe1e1e1e0	0xe1e0e1e1	0xe1e0e1e0	0xe0e0e0e1
0x1c04eac0:	0xe2e1e1e0	0xe1e0e1e1	0xe1e0e1e1	0xe1e0e1e0
0x1c04ead0:	0xe1e0e1e0	0xe1e0e1e0	0xe1e0e1e1	0xe1e0e0e0
0x1c04eae0:	0xe2e0e1e1	0xe1e0e1e1	0xe2e1e1e1	0xe1e0e1e0
0x1c04eaf0:	0xe1e0e1e0	0xe1e0e1e0	0xe1e0e1e0	0xe1e0e0e0
0x1c04eb00:	0xe2e0e1e1	0xe1e1e2e1	0xe1e1e1e1	0xe2e1e1e1
0x1c04eb10:	0xe1e1e1e0	0xe0e0e0e0	0xe0e0e0e0	0xe1e0e1e1
0x1c04eb20:	0xe2e1e1e1	0xe1e1e2e0	0xe1e1e1e0	0xe1e0e1e0
0x1c04eb30:	0xe1e1e1e1	0xe1e0e1e0	0xe1e0e1e0	0xe0e0e0e0
