0x1c04e940:	0xffffff00	0xffffffff	0xffffffff	0xffffffff
0x1c04e950:	0xffffffff	0xffffffff	0xffffffff	0xffff00ff
0x1c04e960:	0xffffffff	0xffffffff	0xffffffff	0xffffffff
0x1c04e970:	0xffffffff	0xffffffff	0xffffffff	0xff00ffff
0x1c04e980:	0xffff00ff	0xffffffff	0x00ffffff	0xffffffff
0x1c04e990:	0xffffffff	0xffffffff	0xffffffff	0xffffffff
0x1c04e9a0:	0xffffffff	0xffffffff	0xffffffff	0xffffffff
0x1c04e9b0:	0xffff00ff	0xffffffff	0xffffff00	0xffffffff
0x1c04e9c0:	0xffffffff	0xffffffff	0xffffffff	0xffffffff
0x1c04e9d0:	0xffffffff	0xffffffff	0xffffffff	0xffffffff
0x1c04e9e0:	0xffffff00	0xffffffff	0xffffffff	0x00ffffff
0x1c04e9f0:	0xffffffff	0xffffffff	0xffffffff	0xffffffff
0x1c04ea00:	0xffffffff	0xffffffff	0xffffffff	0xffffff00
0x1c04ea10:	0xffffffff	0xffffffff	0xffffffff	0xff00ffff
0x1c04ea20:	0xffffffff	0xffffffff	0xffffffff	0xffffffff
0x1c04ea30:	0xffffffff	0xff00ffff	0x00ffffff	0xffffffff
0x1c04ea40:	0xffffffff	0xffffffff	0xffffffff	0x00ffffff
0x1c04ea50:	0xffffffff	0xffffffff	0x00ffffff	0xffffffff
0x1c04ea60:	0xffffffff	0xffffffff	0xffffffff	0xffffffff
0x1c04ea70:	0x00ffffff	0xffffffff	0xffffffff	0xffffffff
0x1c04ea80:	0xffffffff	0xffffffff	0x00ffffff	0xffffffff
0x1c04ea90:	0xffffffff	0xffffffff	0xffffffff	0xff00ffff
0x1c04eaa0:	0xffffffff	0xff00ffff	0xffffffff	0xffffffff
0x1c04eab0:	0xffff00ff	0xffffffff	0xffff00ff	0xffffffff
0x1c04eac0:	0xffffffff	0xffffffff	0xffff00ff	0xffffffff
0x1c04ead0:	0xffffffff	0xffffffff	0xffffffff	0xffffffff
0x1c04eae0:	0xffffffff	0xffffffff	0xffffffff	0xffffffff
0x1c04eaf0:	0xffffffff	0xffffffff	0xffffffff	0xffffffff
0x1c04eb00:	0xffffffff	0xffffffff	0xffffffff	0xffffffff
0x1c04eb10:	0xffffffff	0xffffffff	0xffffffff	0xffffffff
0x1c04eb20:	0xffffffff	0xffffffff	0xffffffff	0xffffffff
0x1c04eb30:	0xff00ffff	0xffffffff	0xffffffff	0xffffffff
