0.7999975973856659,0.00028014878907236217,False
0.800000790816689,0.00028036293395678185,False
0.7999991941011775,0.00028025586151457244,False
0.800000790816689,0.00028036293395678185,False
0.7999991941011775,0.0002804700063989921,False
0.7999991941011775,0.0002807912237256212,False
0.800000790816689,0.0002806841512834118,False
0.7999991941011775,0.0002806841512834118,False
0.800000790816689,0.0002808982961678315,False
0.7999991941011775,0.0002808982961678315,False
0.7999991941011775,0.0002808982961678315,False
0.800000790816689,0.0002811124410522512,False
0.7999991941011775,0.00028132658593667,False
0.800000790816689,0.00028132658593667,False
0.7999991941011775,0.0002808982961678315,False
0.7999991941011775,0.0002810053686100409,False
0.7999991941011775,0.0002810053686100409,False
0.800000790816689,0.0002812195134944606,False
0.800000790816689,0.0002812195134944606,False
0.7999991941011775,0.0002812195134944606,False
0.7999991941011775,0.00028132658593667,False
0.800000790816689,0.00028132658593667,False
0.7999991941011775,0.00028154073082108967,False
0.7999991941011775,0.00028154073082108967,False
0.800000790816689,0.00028164780326329995,False
0.7999991941011775,0.00028164780326329995,False
0.800000790816689,0.00028186194814771963,False
0.7999991941011775,0.00028175487570550935,False
0.7999991941011775,0.00028175487570550935,False
0.800000790816689,0.00028175487570550935,False
0.7999991941011775,0.00028196902058992904,False
0.7999991941011775,0.00028196902058992904,False
0.800000790816689,0.0002820760930321393,False
0.7999991941011775,0.0002820760930321393,False
0.800000790816689,0.0002821831654743487,False
0.7999975973856659,0.0002821831654743487,False
0.800000790816689,0.0002821831654743487,False
0.800000790816689,0.0002823973103587684,False
0.7999991941011775,0.000282290237916559,False
0.7999991941011775,0.0002821831654743487,False
0.800000790816689,0.0002826114552431881,False
0.7999991941011775,0.0002823973103587684,False
0.800000790816689,0.0002826114552431881,False
0.7999991941011775,0.0002826114552431881,False
0.7999991941011775,0.0002825043828009787,False
0.800000790816689,0.00028271852768539836,False
0.7999991941011775,0.00028282560012760777,False
0.800000790816689,0.00028271852768539836,False
0.7999991941011775,0.00028282560012760777,False
0.7999991941011775,0.00028282560012760777,False
0.7999991941011775,0.00028271852768539836,False
0.800000790816689,0.0002826114552431881,False
0.800000790816689,0.0002829326725698172,False
0.7999991941011775,0.0002826114552431881,False
0.7999991941011775,0.0002829326725698172,False
0.7999991941011775,0.00028282560012760777,False
0.7999991941011775,0.00028282560012760777,False
0.800000790816689,0.00028303974501202745,False
0.800000790816689,0.00028303974501202745,False
0.7999991941011775,0.00028325388989644713,False
0.7999991941011775,0.00028314681745423686,False
0.800000790816689,0.0002834680347808668,False
0.7999991941011775,0.00028336096233865654,False
0.7999991941011775,0.00028336096233865654,False
0.800000790816689,0.0002834680347808668,False
0.7999991941011775,0.00028336096233865654,False
0.800000790816689,0.00028336096233865654,False
0.7999991941011775,0.0002836821796652865,False
0.800000790816689,0.0002836821796652865,False
0.7999991941011775,0.0002836821796652865,False
0.7999991941011775,0.0002837892521074959,False
0.7999991941011775,0.0002837892521074959,False
0.800000790816689,0.0002837892521074959,False
0.7999991941011775,0.0002837892521074959,False
0.800000790816689,0.0002838963245497062,False
0.7999991941011775,0.0002838963245497062,False
0.7999991941011775,0.0002838963245497062,False
0.800000790816689,0.0002838963245497062,False
0.7999991941011775,0.0002838963245497062,False
0.800000790816689,0.00028411046943412586,False
0.7999991941011775,0.0002838963245497062,False
0.7999991941011775,0.0002840033969919156,False
0.800000790816689,0.0002840033969919156,False
0.7999991941011775,0.00028432461431854555,False
0.800000790816689,0.00028443168676075496,False
0.7999991941011775,0.00028421754187633527,False
0.7999991941011775,0.00028432461431854555,False
0.800000790816689,0.00028443168676075496,False
0.7999991941011775,0.00028432461431854555,False
0.7999991941011775,0.00028432461431854555,False
0.7999991941011775,0.00028443168676075496,False
0.800000790816689,0.00028443168676075496,False
0.800000790816689,0.00028432461431854555,False
0.7999991941011775,0.00028453875920296436,False
0.7999991941011775,0.00028464583164517464,False
0.800000790816689,0.00028443168676075496,False
0.7999991941011775,0.00028475290408738405,False
0.7999991941011775,0.00028464583164517464,False
0.7999991941011775,0.00028475290408738405,False
0.800000790816689,0.00028464583164517464,False
0.800000790816689,0.00028464583164517464,False
0.7999991941011775,0.00028475290408738405,False
0.800000790816689,0.0002848599765295943,False
0.7999991941011775,0.0002848599765295943,False
0.7999975973856659,0.00028496704897180373,False
0.800000790816689,0.0002848599765295943,False
0.800000790816689,0.00028496704897180373,False
0.7999991941011775,0.00028507412141401314,False
0.800000790816689,0.00028496704897180373,False
0.7999991941011775,0.00028496704897180373,False
0.7999991941011775,0.0002851811938562234,False
0.800000790816689,0.0002852882662984328,False
0.7999991941011775,0.0002852882662984328,False
0.800000790816689,0.0002852882662984328,False
0.7999991941011775,0.0002852882662984328,False
0.7999991941011775,0.00028507412141401314,False
0.800000790816689,0.0002851811938562234,False
0.7999991941011775,0.0002852882662984328,False
0.7999991941011775,0.0002853953387406431,False
0.800000790816689,0.00028571655606727305,False
0.7999991941011775,0.0002856094836250628,False
0.800000790816689,0.0002856094836250628,False
0.7999991941011775,0.0002855024111828525,False
0.7999991941011775,0.0002855024111828525,False
0.800000790816689,0.0002856094836250628,False
0.7999991941011775,0.0002856094836250628,False
0.7999991941011775,0.0002856094836250628,False
0.7999991941011775,0.00028571655606727305,False
0.800000790816689,0.0002856094836250628,False
0.800000790816689,0.00028582362850948246,False
0.7999991941011775,0.00028582362850948246,False
0.800000790816689,0.0002855024111828525,False
0.7999991941011775,0.0002856094836250628,False
0.7999991941011775,0.00028582362850948246,False
0.7999991941011775,0.0002856094836250628,False
0.800000790816689,0.00028571655606727305,False
0.7999991941011775,0.00028571655606727305,False
0.800000790816689,0.00028593070095169273,False
0.7999975973856659,0.00028593070095169273,False
0.800000790816689,0.00028614484583611155,False
0.800000790816689,0.00028582362850948246,False
0.7999991941011775,0.00028593070095169273,False
0.800000790816689,0.00028593070095169273,False
0.7999991941011775,0.00028603777339390214,False
0.800000790816689,0.00028603777339390214,False
0.7999991941011775,0.00028614484583611155,False
0.7999991941011775,0.00028603777339390214,False
0.7999991941011775,0.0002862519182783218,False
0.800000790816689,0.00028603777339390214,False
0.7999991941011775,0.00028614484583611155,False
0.800000790816689,0.0002862519182783218,False
0.7999991941011775,0.0002862519182783218,False
0.7999991941011775,0.00028635899072053123,False
0.7999991941011775,0.0002862519182783218,False
0.800000790816689,0.00028614484583611155,False
0.800000790816689,0.0002862519182783218,False
0.7999991941011775,0.0002862519182783218,False
0.7999991941011775,0.0002862519182783218,False
0.7999991941011775,0.00028635899072053123,False
0.7999991941011775,0.0002864660631627415,False
0.800000790816689,0.00028635899072053123,False
0.800000790816689,0.0002865731356049509,False
0.7999991941011775,0.00028635899072053123,False
0.800000790816689,0.0002864660631627415,False
0.7999991941011775,0.0002864660631627415,False
0.7999991941011775,0.0002865731356049509,False
0.7999991941011775,0.00028635899072053123,False
0.7999991941011775,0.00028635899072053123,False
0.800000790816689,0.0002866802080471603,False
0.800000790816689,0.0002866802080471603,False
0.7999991941011775,0.0002865731356049509,False
0.800000790816689,0.0002866802080471603,False
0.7999991941011775,0.0002867872804893706,False
0.7999991941011775,0.0002866802080471603,False
0.800000790816689,0.0002867872804893706,False
0.7999991941011775,0.0002867872804893706,False
0.7999991941011775,0.0002867872804893706,False
0.800000790816689,0.0002867872804893706,False
0.7999991941011775,0.0002866802080471603,False
0.7999991941011775,0.00028689435293158,False
0.800000790816689,0.0002870014253737903,False
0.7999991941011775,0.0002867872804893706,False
0.800000790816689,0.00028689435293158,False
0.7999991941011775,0.0002867872804893706,False
0.7999991941011775,0.000876622596512654,False
0.7999991941011775,0.00071240023827336,False
0.800000790816689,0.0007122931658311502,False
0.7999991941011775,0.0007126143831577797,False
0.7999991941011775,0.0007127214555999891,False
0.7999991941011775,0.0007128285280421994,False
0.800000790816689,0.0007128285280421994,False
0.7999991941011775,0.0007131497453688289,False
0.800000790816689,0.0007131497453688289,False
0.7999991941011775,0.0007133638902532486,False
0.7999991941011775,0.000713470962695458,False
0.800000790816689,0.0007135780351376683,False
0.7999991941011775,0.0007137921800220879,False
0.800000790816689,0.000713470962695458,False
0.7999991941011775,0.0007136851075798777,False
0.7999991941011775,0.0007327440022932238,False
0.7999991941011775,0.0007171114257305917,False
0.800000790816689,0.0007170043532883814,False
0.7999991941011775,0.0007172184981728016,False
0.800000790816689,0.0007174326430572212,False
0.7999991941011775,0.0007173255706150114,False
0.800000790816689,0.0007174326430572212,False
0.7999991941011775,0.0007173255706150114,False
0.7999991941011775,0.0007174326430572212,False
0.800000790816689,0.0007176467879416409,False
0.7999991941011775,0.0007176467879416409,False
0.800000790816689,0.0007177538603838503,False
0.7999991941011775,0.00071796800526827,False
0.7999991941011775,0.00071796800526827,False
0.7999991941011775,0.00071796800526827,False
0.800000790816689,0.0007180750777104803,False
0.7999991941011775,0.0007182892225948995,False
0.800000790816689,0.00071796800526827,False
0.7999991941011775,0.0007178609328260606,False
0.800000790816689,0.0007178609328260606,False
0.7999991941011775,0.0007178609328260606,False
0.7999991941011775,0.0007181821501526897,False
0.7999991941011775,0.0007181821501526897,False
0.7999991941011775,0.0007181821501526897,False
0.800000790816689,0.0007182892225948995,False
0.800000790816689,0.0007181821501526897,False
0.7999991941011775,0.0007183962950371094,False
0.800000790816689,0.0007185033674793192,False
0.7999991941011775,0.0007186104399215286,False
0.7999991941011775,0.0007186104399215286,False
0.7999991941011775,0.0007187175123637389,False
0.800000790816689,0.0007188245848059483,False
0.7999991941011775,0.0007187175123637389,False
0.800000790816689,0.0007187175123637389,False
0.7999991941011775,0.0007188245848059483,False
0.7999991941011775,0.0007188245848059483,False
0.7999991941011775,0.0007187175123637389,False
0.800000790816689,0.0007191458021325778,False
0.7999991941011775,0.000719038729690368,False
0.800000790816689,0.0007363844653283571,False
0.7999991941011775,0.0007193599470169975,False
0.800000790816689,0.0007195740919014172,False
0.7999991941011775,0.0007193599470169975,False
0.7999991941011775,0.0007196811643436275,False
0.800000790816689,0.0007193599470169975,False
0.7999991941011775,0.0007196811643436275,False
0.800000790816689,0.0007196811643436275,False
0.7999991941011775,0.0007195740919014172,False
0.7999991941011775,0.0007197882367858369,False
0.800000790816689,0.0007200023816702566,False
0.7999991941011775,0.0007197882367858369,False
0.7999991941011775,0.0007197882367858369,False
0.800000790816689,0.0007200023816702566,False
0.7999991941011775,0.0007201094541124664,False
0.800000790816689,0.0007198953092280467,False
0.7999991941011775,0.0007197882367858369,False
0.7999991941011775,0.0007197882367858369,False
0.800000790816689,0.0007198953092280467,False
0.7999991941011775,0.0007200023816702566,False
0.800000790816689,0.0007198953092280467,False
0.7999991941011775,0.0007200023816702566,False
0.7999991941011775,0.0007200023816702566,False
0.800000790816689,0.0007203235989968861,False
0.7999991941011775,0.0007198953092280467,False
0.7999991941011775,0.0007203235989968861,False
0.800000790816689,0.0007202165265546758,False
0.800000790816689,0.0007202165265546758,False
0.7999991941011775,0.0007200023816702566,False
0.7999991941011775,0.0007201094541124664,False
0.7999991941011775,0.0007203235989968861,False
0.800000790816689,0.0007202165265546758,False
0.7999991941011775,0.0007205377438813058,False
0.7999991941011775,0.0007203235989968861,False
0.800000790816689,0.0007205377438813058,False
0.7999991941011775,0.0007205377438813058,False
0.800000790816689,0.0007206448163235152,False
0.7999991941011775,0.0007378834795192944,False
0.7999991941011775,0.0007211801785345644,False
0.7999991941011775,0.0007209660336501447,False
0.800000790816689,0.0007209660336501447,False
0.7999991941011775,0.0007209660336501447,False
0.800000790816689,0.0007212872509767738,False
0.7999991941011775,0.0007211801785345644,False
0.800000790816689,0.0007211801785345644,False
0.7999991941011775,0.0007211801785345644,False
0.7999991941011775,0.0007211801785345644,False
0.800000790816689,0.0007212872509767738,False
0.7999991941011775,0.0007212872509767738,False
0.7999991941011775,0.0007212872509767738,False
0.800000790816689,0.0007212872509767738,False
0.7999991941011775,0.0007215013958611939,False
0.800000790816689,0.0007216084683034038,False
0.7999991941011775,0.0007213943234189841,False
0.7999991941011775,0.0007211801785345644,False
0.800000790816689,0.0007209660336501447,False
0.7999991941011775,0.0007212872509767738,False
0.7999991941011775,0.0007211801785345644,False
0.800000790816689,0.0007215013958611939,False
0.7999991941011775,0.0007215013958611939,False
0.7999991941011775,0.0007212872509767738,False
0.800000790816689,0.0007216084683034038,False
0.7999991941011775,0.0007215013958611939,False
0.800000790816689,0.0007216084683034038,False
0.7999991941011775,0.000721822613187823,False
0.7999991941011775,0.0007216084683034038,False
0.800000790816689,0.0007217155407456136,False
0.7999991941011775,0.000721822613187823,False
0.800000790816689,0.000721822613187823,False
0.7999991941011775,0.0007217155407456136,False
0.7999991941011775,0.000721822613187823,False
0.7999991941011775,0.0007219296856300333,False
0.800000790816689,0.000721822613187823,False
0.7999991941011775,0.0007219296856300333,False
0.800000790816689,0.0007220367580722427,False
0.7999991941011775,0.000721822613187823,False
0.800000790816689,0.0007392754212680224,False
0.7999991941011775,0.0007223579753988726,False
0.7999991941011775,0.0007223579753988726,False
0.7999991941011775,0.0007223579753988726,False
0.800000790816689,0.000722465047841082,False
0.800000790816689,0.0007223579753988726,False
0.7999991941011775,0.0007225721202832919,False
0.800000790816689,0.000722465047841082,False
0.7999991941011775,0.0007225721202832919,False
0.7999991941011775,0.0007225721202832919,False
0.7999991941011775,0.0007227862651677116,False
0.800000790816689,0.0007226791927255017,False
0.7999991941011775,0.0007227862651677116,False
0.7999991941011775,0.0007225721202832919,False
0.800000790816689,0.000722893337609921,False
0.800000790816689,0.0007227862651677116,False
0.7999991941011775,0.0007227862651677116,False
0.7999991941011775,0.0007227862651677116,False
0.7999991941011775,0.0007226791927255017,False
0.800000790816689,0.0007225721202832919,False
0.800000790816689,0.0007226791927255017,False
0.7999991941011775,0.0007225721202832919,False
0.800000790816689,0.0007227862651677116,False
0.7999975973856659,0.0007226791927255017,False
0.800000790816689,0.0007230004100521313,False
0.7999991941011775,0.0007226791927255017,False
0.800000790816689,0.0007227862651677116,False
0.7999991941011775,0.0007230004100521313,False
0.7999991941011775,0.000722893337609921,False
0.800000790816689,0.000722893337609921,False
0.7999991941011775,0.0007231074824943407,False
0.7999991941011775,0.0007230004100521313,False
0.800000790816689,0.0007232145549365509,False
0.7999991941011775,0.0007231074824943407,False
0.800000790816689,0.0007230004100521313,False
0.7999991941011775,0.0007230004100521313,False
0.800000790816689,0.0007232145549365509,False
0.7999991941011775,0.0007231074824943407,False
0.7999991941011775,0.0007404532181323298,False
0.7999991941011775,0.0007234286998209702,False
0.800000790816689,0.0007234286998209702,False
0.7999991941011775,0.00072353577226318,False
0.800000790816689,0.0007236428447053899,False
0.7999991941011775,0.00072353577226318,False
0.7999991941011775,0.0007236428447053899,False
0.7999991941011775,0.00072353577226318,False
0.800000790816689,0.0007236428447053899,False
0.800000790816689,0.0007236428447053899,False
0.7999991941011775,0.0007234286998209702,False
0.7999991941011775,0.0007238569895898096,False
0.800000790816689,0.00072353577226318,False
0.7999991941011775,0.0007234286998209702,False
0.7999991941011775,0.0007237499171476001,False
0.800000790816689,0.0007238569895898096,False
0.7999991941011775,0.0007236428447053899,False
0.800000790816689,0.0007237499171476001,False
0.7999991941011775,0.00072353577226318,False
0.800000790816689,0.0007234286998209702,False
0.7999975973856659,0.00072353577226318,False
0.800000790816689,0.0007236428447053899,False
0.800000790816689,0.0007237499171476001,False
0.7999991941011775,0.0007236428447053899,False
0.7999991941011775,0.0007237499171476001,False
0.800000790816689,0.0007238569895898096,False
0.7999991941011775,0.0007237499171476001,False
0.7999991941011775,0.0007237499171476001,False
0.800000790816689,0.0007239640620320198,False
0.7999991941011775,0.0007238569895898096,False
0.7999991941011775,0.0007239640620320198,False
0.800000790816689,0.0007239640620320198,False
0.800000790816689,0.0007240711344742292,False
0.7999975973856659,0.0007238569895898096,False
0.800000790816689,0.0007241782069164391,False
0.7999991941011775,0.0007240711344742292,False
0.800000790816689,0.0007240711344742292,False
0.7999991941011775,0.0007239640620320198,False
0.800000790816689,0.0007241782069164391,False
0.7999991941011775,0.0007240711344742292,False
0.7999991941011775,0.0007415239425544282,False
0.7999991941011775,0.0007244994242430682,False
0.800000790816689,0.0007243923518008588,False
0.800000790816689,0.0007246064966852784,False
0.7999991941011775,0.0007244994242430682,False
0.7999991941011775,0.0007246064966852784,False
0.800000790816689,0.0007247135691274879,False
0.7999991941011775,0.0007244994242430682,False
0.7999991941011775,0.0007244994242430682,False
0.7999991941011775,0.0007248206415696981,False
0.800000790816689,0.0007248206415696981,False
0.7999991941011775,0.0007246064966852784,False
0.800000790816689,0.0007247135691274879,False
0.7999991941011775,0.0007246064966852784,False
0.800000790816689,0.0007244994242430682,False
0.7999991941011775,0.0007247135691274879,False
0.7999991941011775,0.0007244994242430682,False
0.800000790816689,0.0007247135691274879,False
0.7999991941011775,0.0007247135691274879,False
0.7999991941011775,0.0007242852793586489,False
0.800000790816689,0.0007243923518008588,False
0.7999991941011775,0.0007247135691274879,False
0.800000790816689,0.0007244994242430682,False
0.7999991941011775,0.0007247135691274879,False
0.7999991941011775,0.0007247135691274879,False
0.800000790816689,0.0007248206415696981,False
0.7999991941011775,0.0007246064966852784,False
0.800000790816689,0.0007249277140119075,False
0.7999991941011775,0.0007247135691274879,False
0.7999991941011775,0.0007247135691274879,False
0.7999991941011775,0.0007246064966852784,False
0.800000790816689,0.0007247135691274879,False
0.7999991941011775,0.0007243923518008588,False
0.800000790816689,0.0007248206415696981,False
0.7999991941011775,0.0007247135691274879,False
0.800000790816689,0.0007247135691274879,False
0.7999991941011775,0.0007248206415696981,False
0.7999991941011775,0.0007248206415696981,False
0.800000790816689,0.0007246064966852784,False
0.7999991941011775,0.0007421663772076868,False
0.7999991941011775,0.0007253560037807469,False
0.7999991941011775,0.0007253560037807469,False
0.800000790816689,0.0007251418588963272,False
0.7999991941011775,0.0007253560037807469,False
0.800000790816689,0.0007253560037807469,False
0.7999991941011775,0.0007251418588963272,False
0.800000790816689,0.0007253560037807469,False
0.7999991941011775,0.0007253560037807469,False
0.7999991941011775,0.0007253560037807469,False
0.800000790816689,0.0007255701486651661,False
0.7999991941011775,0.0007253560037807469,False
0.800000790816689,0.0007254630762229567,False
0.7999991941011775,0.0007253560037807469,False
0.7999991941011775,0.0007253560037807469,False
0.800000790816689,0.0007254630762229567,False
0.7999991941011775,0.0007255701486651661,False
0.7999991941011775,0.0007254630762229567,False
0.800000790816689,0.0007254630762229567,False
0.7999991941011775,0.0007253560037807469,False
0.800000790816689,0.0007255701486651661,False
0.7999991941011775,0.0007254630762229567,False
0.7999991941011775,0.0007255701486651661,False
0.800000790816689,0.0007254630762229567,False
0.7999991941011775,0.0007254630762229567,False
0.7999991941011775,0.0007253560037807469,False
0.800000790816689,0.0007255701486651661,False
0.7999991941011775,0.0007257842935495863,False
0.800000790816689,0.0007258913659917961,False
0.7999991941011775,0.0007257842935495863,False
0.7999991941011775,0.0007257842935495863,False
0.800000790816689,0.0007256772211073764,False
0.7999991941011775,0.0007256772211073764,False
0.7999991941011775,0.0007256772211073764,False
0.800000790816689,0.0007256772211073764,False
0.7999991941011775,0.0007257842935495863,False
0.800000790816689,0.0007255701486651661,False
0.7999991941011775,0.0007255701486651661,False
0.7999991941011775,0.0007431300291875754,False
0.800000790816689,0.0007258913659917961,False
0.7999991941011775,0.000725998438434006,False
0.7999991941011775,0.000725998438434006,False
0.800000790816689,0.000725998438434006,False
0.7999991941011775,0.0007261055108762154,False
0.7999991941011775,0.0007258913659917961,False
0.800000790816689,0.0007261055108762154,False
0.7999991941011775,0.0007261055108762154,False
0.800000790816689,0.000725998438434006,False
0.7999991941011775,0.0007261055108762154,False
0.800000790816689,0.0007262125833184256,False
0.7999991941011775,0.0007261055108762154,False
0.7999991941011775,0.0007261055108762154,False
0.800000790816689,0.0007262125833184256,False
0.7999991941011775,0.0007261055108762154,False
0.800000790816689,0.0007261055108762154,False
0.7999991941011775,0.0007262125833184256,False
0.7999991941011775,0.000725998438434006,False
0.7999991941011775,0.000725998438434006,False
0.800000790816689,0.0007258913659917961,False
0.800000790816689,0.000725998438434006,False
0.7999991941011775,0.000725998438434006,False
0.800000790816689,0.000725998438434006,False
0.7999991941011775,0.0007258913659917961,False
0.7999991941011775,0.0007261055108762154,False
0.7999991941011775,0.0007261055108762154,False
0.7999991941011775,0.0007262125833184256,False
0.800000790816689,0.000726319655760635,False
0.800000790816689,0.000726319655760635,False
0.7999991941011775,0.0007262125833184256,False
0.7999991941011775,0.0007262125833184256,False
0.800000790816689,0.000725998438434006,False
0.7999991941011775,0.0007262125833184256,False
0.7999991941011775,0.0007262125833184256,False
0.7999991941011775,0.0007264267282028453,False
0.800000790816689,0.0007262125833184256,False
0.800000790816689,0.000726319655760635,False
0.7999975973856659,0.0007435583189564147,False
0.800000790816689,0.0007266408730872646,False
0.800000790816689,0.0007266408730872646,False
0.7999991941011775,0.0007264267282028453,False
0.7999991941011775,0.0007265338006450547,False
0.7999991941011775,0.0007266408730872646,False
0.8000023875322005,0.0007267479455294744,False
0.7999975973856659,0.0007266408730872646,False
0.800000790816689,0.0007265338006450547,False
0.7999991941011775,0.0007266408730872646,False
0.7999991941011775,0.0007267479455294744,False
0.800000790816689,0.0007268550179716842,False
0.7999991941011775,0.0007267479455294744,False
0.800000790816689,0.0007266408730872646,False
0.7999991941011775,0.0007267479455294744,False
0.800000790816689,0.0007267479455294744,False
0.7999991941011775,0.0007268550179716842,False
0.7999991941011775,0.0007267479455294744,False
0.800000790816689,0.0007268550179716842,False
0.7999991941011775,0.0007266408730872646,False
0.7999991941011775,0.0007268550179716842,False
0.800000790816689,0.0007267479455294744,False
0.7999991941011775,0.0007267479455294744,False
0.7999991941011775,0.0007267479455294744,False
0.800000790816689,0.0007267479455294744,False
0.7999991941011775,0.0007267479455294744,False
0.7999991941011775,0.0007266408730872646,False
0.800000790816689,0.0007267479455294744,False
0.800000790816689,0.0007267479455294744,False
0.7999991941011775,0.0007268550179716842,False
0.7999991941011775,0.0007269620904138941,False
0.7999991941011775,0.0007268550179716842,False
0.800000790816689,0.0007267479455294744,False
0.800000790816689,0.0007269620904138941,False
0.7999991941011775,0.0007268550179716842,False
0.7999991941011775,0.0007269620904138941,False
0.800000790816689,0.0007269620904138941,False
0.7999991941011775,0.0007269620904138941,False
0.7999991941011775,0.0007268550179716842,False
0.800000790816689,0.0007271762352983133,False
0.7999991941011775,0.0007268550179716842,False
0.7999991941011775,0.0007443078260518828,False
0.800000790816689,0.0007271762352983133,False
0.7999991941011775,0.0007270691628561039,False
0.7999991941011775,0.000727390380182733,False
0.800000790816689,0.000727390380182733,False
0.800000790816689,0.000727390380182733,False
0.7999991941011775,0.000727390380182733,False
0.7999991941011775,0.000727390380182733,False
0.800000790816689,0.000727390380182733,False
0.7999991941011775,0.000727390380182733,False
0.7999991941011775,0.0007276045250671527,False
0.7999991941011775,0.0007272833077405236,False
0.800000790816689,0.000727390380182733,False
0.800000790816689,0.0007272833077405236,False
0.7999991941011775,0.000727390380182733,False
0.7999991941011775,0.000727390380182733,False
0.800000790816689,0.0007274974526249433,False
0.7999991941011775,0.0007272833077405236,False
0.7999991941011775,0.0007272833077405236,False
0.800000790816689,0.000727390380182733,False
0.7999991941011775,0.0007272833077405236,False
0.800000790816689,0.000727390380182733,False
0.7999991941011775,0.0007272833077405236,False
0.7999991941011775,0.000727390380182733,False
0.7999991941011775,0.0007271762352983133,False
0.800000790816689,0.0007272833077405236,False
0.7999991941011775,0.0007271762352983133,False
0.7999991941011775,0.000727390380182733,False
0.800000790816689,0.0007278186699515724,False
0.7999991941011775,0.0007274974526249433,False
0.7999991941011775,0.0007277115975093625,False
0.800000790816689,0.0007272833077405236,False
0.800000790816689,0.000727390380182733,False
0.7999991941011775,0.000727390380182733,False
0.7999991941011775,0.0007272833077405236,False
0.7999991941011775,0.0007272833077405236,False
0.800000790816689,0.0007274974526249433,False
0.7999991941011775,0.0007274974526249433,False
0.800000790816689,0.000727390380182733,False
0.7999991941011775,0.000727390380182733,False
0.800000790816689,0.000727390380182733,False
0.7999991941011775,0.0007272833077405236,False
0.7999991941011775,0.0007274974526249433,False
0.800000790816689,0.0007274974526249433,False
0.7999991941011775,0.0007276045250671527,False
0.7999991941011775,0.000727390380182733,False
0.800000790816689,0.0007276045250671527,False
0.800000790816689,0.0007278186699515724,False
0.7999975973856659,0.0007277115975093625,False
0.8000023875322005,0.0007277115975093625,False
0.7999975973856659,0.0007277115975093625,False
0.800000790816689,0.0007277115975093625,False
0.7999991941011775,0.0007277115975093625,False
0.800000790816689,0.0007277115975093625,False
0.7999991941011775,0.0007278186699515724,False
0.7999991941011775,0.0007278186699515724,False
0.800000790816689,0.0007278186699515724,False
0.7999991941011775,0.0007277115975093625,False
0.7999991941011775,0.0007277115975093625,False
0.800000790816689,0.0007278186699515724,False
0.7999991941011775,0.0007277115975093625,False
0.800000790816689,0.0007278186699515724,False
0.7999991941011775,0.0007277115975093625,False
0.800000790816689,0.0007280328148359925,False
0.7999991941011775,0.0007280328148359925,False
0.7999991941011775,0.0007280328148359925,False
0.7999991941011775,0.0007279257423937822,False
0.800000790816689,0.0007278186699515724,False
0.7999991941011775,0.0007278186699515724,False
0.800000790816689,0.0007280328148359925,False
0.7999991941011775,0.0007278186699515724,False
0.800000790816689,0.0007279257423937822,False
0.7999991941011775,0.0007279257423937822,False
0.7999991941011775,0.0007278186699515724,False
0.7999991941011775,0.0007278186699515724,False
0.800000790816689,0.0007279257423937822,False
0.7999991941011775,0.0007279257423937822,False
0.800000790816689,0.0007280328148359925,False
0.7999991941011775,0.0007278186699515724,False
0.7999991941011775,0.0007279257423937822,False
0.800000790816689,0.0007279257423937822,False
0.7999991941011775,0.0007277115975093625,False
0.7999991941011775,0.0007280328148359925,False
0.800000790816689,0.0007280328148359925,False
0.7999991941011775,0.0007280328148359925,False
0.7999991941011775,0.0007280328148359925,False
0.800000790816689,0.0007278186699515724,False
0.7999991941011775,0.0007280328148359925,False
0.800000790816689,0.0007280328148359925,False
0.7999991941011775,0.0007281398872782019,False
0.800000790816689,0.0007280328148359925,False
0.7999991941011775,0.0007280328148359925,False
0.7999991941011775,0.0007279257423937822,False
0.800000790816689,0.0007278186699515724,False
0.7999991941011775,0.0007280328148359925,False
0.800000790816689,0.0007280328148359925,False
0.7999991941011775,0.0007281398872782019,False
0.7999991941011775,0.0007282469597204122,False
0.7999991941011775,0.0007281398872782019,False
0.7999991941011775,0.0007283540321626216,False
0.800000790816689,0.0007282469597204122,False
0.800000790816689,0.0007283540321626216,False
0.7999991941011775,0.0007280328148359925,False
0.7999991941011775,0.0007282469597204122,False
0.800000790816689,0.0007283540321626216,False
0.7999991941011775,0.0007283540321626216,False
0.800000790816689,0.0007282469597204122,False
0.7999991941011775,0.0007283540321626216,False
0.800000790816689,0.0007282469597204122,False
0.7999991941011775,0.0007283540321626216,False
0.7999991941011775,0.0007283540321626216,False
0.800000790816689,0.0007283540321626216,False
0.7999991941011775,0.0007283540321626216,False
0.7999991941011775,0.0007282469597204122,False
0.7999991941011775,0.0007283540321626216,False
0.800000790816689,0.0007284611046048314,False
0.7999991941011775,0.0007283540321626216,False
0.800000790816689,0.0007284611046048314,False
0.800000790816689,0.0007284611046048314,False
0.7999991941011775,0.0007284611046048314,False
0.7999991941011775,0.0007285681770470413,False
0.7999991941011775,0.0007283540321626216,False
0.800000790816689,0.0007285681770470413,False
0.800000790816689,0.0007284611046048314,False
0.7999975973856659,0.0007286752494892511,False
0.800000790816689,0.0007286752494892511,False
0.7999991941011775,0.0007285681770470413,False
0.7999991941011775,0.0007284611046048314,False
0.800000790816689,0.0007286752494892511,False
0.7999991941011775,0.0007285681770470413,False
0.800000790816689,0.0007285681770470413,False
0.7999991941011775,0.0007285681770470413,False
0.800000790816689,0.0007286752494892511,False
0.7999991941011775,0.0007285681770470413,False
0.7999991941011775,0.0007286752494892511,False
0.7999991941011775,0.0007286752494892511,False
0.800000790816689,0.0007287823219314605,False
0.7999991941011775,0.0007285681770470413,False
0.800000790816689,0.0007286752494892511,False
0.7999991941011775,0.0007285681770470413,False
0.7999991941011775,0.0007286752494892511,False
0.800000790816689,0.0007288893943736708,False
0.7999991941011775,0.0007289964668158802,False
0.7999991941011775,0.0007286752494892511,False
0.800000790816689,0.0007287823219314605,False
0.800000790816689,0.0007289964668158802,False
0.7999991941011775,0.0007289964668158802,False
0.7999991941011775,0.0007288893943736708,False
0.7999991941011775,0.0007289964668158802,False
0.800000790816689,0.0007287823219314605,False
0.7999991941011775,0.0007289964668158802,False
0.800000790816689,0.0007287823219314605,False
0.7999991941011775,0.0007288893943736708,False
0.7999991941011775,0.0007288893943736708,False
0.800000790816689,0.0007288893943736708,False
0.7999991941011775,0.0007291035392580905,False
0.800000790816689,0.0007289964668158802,False
0.7999991941011775,0.0007291035392580905,False
0.7999991941011775,0.0007288893943736708,False
0.800000790816689,0.0007289964668158802,False
0.7999991941011775,0.0007289964668158802,False
0.7999991941011775,0.0007291035392580905,False
0.800000790816689,0.0007292106117002999,False
0.7999991941011775,0.0007289964668158802,False
0.7999991941011775,0.0007289964668158802,False
0.800000790816689,0.0007289964668158802,False
0.800000790816689,0.0007291035392580905,False
0.7999991941011775,0.0007291035392580905,False
0.7999991941011775,0.0007291035392580905,False
0.800000790816689,0.0007288893943736708,False
0.7999991941011775,0.0007288893943736708,False
0.7999991941011775,0.0007291035392580905,False
0.800000790816689,0.0007289964668158802,False
0.7999991941011775,0.0007288893943736708,False
0.7999991941011775,0.0007291035392580905,False
0.7999991941011775,0.0007289964668158802,False
0.800000790816689,0.0007292106117002999,False
0.8000023875322005,0.0002852882662984328,False
0.7999991941011775,0.0002619464738966952,False
0.7999991941011775,0.0002611969668012259,False
0.800000790816689,0.0002606616045901771,False
0.7999991941011775,0.000260340387263548,False
0.7999991941011775,0.00025980502505249924,False
0.7999991941011775,0.000259376735283659,False
0.800000790816689,0.0002589484455148205,False
0.7999991941011775,0.00025841308330377174,False
0.800000790816689,0.00025841308330377174,False
0.800000790816689,0.0002580918659771418,False
0.7999991941011775,0.0002576635762083024,False
0.7999991941011775,0.000257556503766093,False
0.7999991941011775,0.00025702114155504423,False
0.800000790816689,0.0002566999242284143,False
0.7999991941011775,0.0002564857793439946,False
0.800000790816689,0.0002563787069017852,False
0.7999991941011775,0.00025573627224852614,False
0.7999991941011775,0.00025573627224852614,False
0.800000790816689,0.00025541505492189705,False
0.7999991941011775,0.0002550938375952671,False
0.7999991941011775,0.0002548796927108474,False
0.800000790816689,0.0002545584753842183,False
0.7999991941011775,0.00025434433049979863,False
0.800000790816689,0.00025413018561537895,False
0.7999991941011775,0.00025380896828874986,False
0.7999991941011775,0.0002537018958465396,False
0.800000790816689,0.00025348775096212077,False
0.7999991941011775,0.0002533806785199105,False
0.800000790816689,0.00025295238875107113,False
0.7999991941011775,0.00025284531630886085,False
0.7999991941011775,0.00025273824386665145,False
0.7999991941011775,0.00025263117142444117,False
0.7999991941011775,0.0002524170265400215,False
0.8000023875322005,0.0002520958092133924,False
0.7999991941011775,0.0002518816643289727,False
0.7999991941011775,0.0002516675194445539,False
0.800000790816689,0.0002515604470023436,False
0.7999991941011775,0.0002514533745601342,False
0.7999991941011775,0.00025134630211792394,False
0.7999991941011775,0.000251025084791294,False
0.800000790816689,0.0002509180123490846,False
0.7999991941011775,0.0002509180123490846,False
0.800000790816689,0.0002504897225802452,False
0.7999991941011775,0.0002504897225802452,False
0.7999991941011775,0.0002503826501380358,False
0.800000790816689,0.0002500614328114067,False
0.7999991941011775,0.00025027557769582553,False
0.800000790816689,0.00024984728792698703,False
0.7999991941011775,0.00024974021548477675,False
0.7999991941011775,0.00024952607060035707,False
0.7999991941011775,0.0002493119257159374,False
0.800000790816689,0.000249204853273728,False
0.7999991941011775,0.000249204853273728,False
0.800000790816689,0.0002489907083893083,False
0.7999991941011775,0.000248883635947098,False
0.800000790816689,0.000248883635947098,False
0.7999991941011775,0.00024866949106267834,False
0.7999991941011775,0.00024856241862046893,False
0.800000790816689,0.00024856241862046893,False
0.7999991941011775,0.00024856241862046893,False
0.7999991941011775,0.00024824120129383984,False
0.7999991941011775,0.00024824120129383984,False
0.8000023875322005,0.00024813412885162957,False
0.7999991941011775,0.00024802705640942016,False
0.7999991941011775,0.0002478129115250005,False
0.7999991941011775,0.0002477058390827902,False
0.800000790816689,0.0002474916941983705,False
0.7999991941011775,0.0002474916941983705,False
0.800000790816689,0.0002475987666405808,False
0.7999991941011775,0.00024717047687174143,False
0.7999991941011775,0.00024717047687174143,False
0.800000790816689,0.00024706340442953115,False
0.7999991941011775,0.00024695633198732175,False
