0x1c04e940:	0xe3e3e3e3	0xe1e3e3e1	0xe3e3e3e1	0xe3e3e3e2
0x1c04e950:	0xe3e2e3e3	0xe3e1e3e2	0xe3e1e3e1	0xe3e3e3e3
0x1c04e960:	0xe4e3e3e3	0xe3e3e3e1	0xe3e3e3e1	0xe3e3e3e3
0x1c04e970:	0xe3e3e3e1	0xe3e1e3e1	0xe3e3e3e0	0xe1e3e3e3
0x1c04e980:	0xe3e3e3e3	0xe3e3e3e3	0xe3e1e3e2	0xe3e3e3e3
0x1c04e990:	0xe3e1e3e3	0xe3e3e3e3	0xe3e1e3e2	0xe3e1e3e3
0x1c04e9a0:	0xe4e3e3e2	0xe3e3e3e3	0xe3e1e3e3	0xe3e3e3e3
0x1c04e9b0:	0xe3e3e3e1	0xe3e3e3e3	0xe3e1e2e3	0xe3e2e1e3
0x1c04e9c0:	0xe4e3e3e2	0xe3e3e3e3	0xe3e3e3e3	0xe3e2e3e2
0x1c04e9d0:	0xe3e3e3e3	0xe3e1e3e2	0xe3e3e3e1	0xe3e0e3e3
0x1c04e9e0:	0xe4e3e3e3	0xe3e3e3e1	0xe3e3e3e3	0xe3e3e3e2
0x1c04e9f0:	0xe3e2e3e2	0xe3e3e3e1	0xe3e1e3e1	0xe2e1e3e3
0x1c04ea00:	0xe4e3e3e3	0xe3e3e3e3	0xe3e1e3e3	0xe3e3e3e3
0x1c04ea10:	0xe3e3e3e3	0xe3e3e3e3	0xe3e2e3e1	0xe3e2e3e3
0x1c04ea20:	0xe4e2e3e3	0xe3e3e3e3	0xe3e3e3e3	0xe3e2e3e3
0x1c04ea30:	0xe3e2e3e2	0xe3e3e3e3	0xe3e2e3e1	0xe3e1e3e3
0x1c04ea40:	0xe4e3e3e3	0xe3e3e3e1	0xe3e3e3e3	0xe3e3e3e3
0x1c04ea50:	0xe3e3e3e3	0xe3e2e3e2	0xe3e1e2e1	0xe3e2e3e3
0x1c04ea60:	0xe4e2e3e3	0xe3e3e3e2	0xe3e1e3e2	0xe2e1e3e3
0x1c04ea70:	0xe4e3e3e2	0xe3e3e3e3	0xe3e2e3e1	0xe3e2e3e3
0x1c04ea80:	0xe6e3e3e3	0xe3e3e3e1	0xe4e3e3e3	0xe3e2e3e3
0x1c04ea90:	0xe3e3e3e2	0xe3e2e3e1	0xe3e1e3e2	0xe3e2e3e3
0x1c04eaa0:	0xe4e3e3e3	0xe4e3e3e3	0xe3e3e3e3	0xe4e2e3e2
0x1c04eab0:	0xe3e3e3e3	0xe3e3e3e2	0xe3e1e3e2	0xe3e2e2e3
0x1c04eac0:	0xe4e3e3e3	0xe3e3e3e3	0xe3e3e3e3	0xe3e2e3e2
0x1c04ead0:	0xe3e1e3e1	0xe3e1e3e2	0xe3e2e3e2	0xe3e2e2e1
0x1c04eae0:	0xe4e3e3e3	0xe3e2e3e3	0xe4e3e3e2	0xe3e1e3e2
0x1c04eaf0:	0xe3e3e3e2	0xe3e3e3e2	0xe3e3e3e1	0xe3e1e2e3
0x1c04eb00:	0xe4e3e3e3	0xe3e3e4e3	0xe3e3e3e3	0xe3e3e3e3
0x1c04eb10:	0xe3e3e3e2	0xe3e2e3e2	0xe2e1e3e2	0xe3e1e3e3
0x1c04eb20:	0xe4e3e3e3	0xe3e3e4e3	0xe3e3e3e2	0xe3e3e3e2
0x1c04eb30:	0xe3e3e3e3	0xe3e2e3e2	0xe3e1e3e2	0xe2e1e3e3
