0.7999986515494467,0.0015903703453360807,False
0.8000034787105046,0.0015909048991811277,False
0.7999986515494467,0.001591760185333203,False
0.8000002606031327,0.0015918670961022128,False
0.8000002606031327,0.0015918670961022128,False
0.8000018696568186,0.001592722382254288,False
0.7999986515494467,0.0015930431145613167,False
0.8000018696568186,0.0015935776684063633,False
0.8000002606031327,0.0015936845791753732,False
0.8000018696568186,0.0015946467760964574,False
0.8000002606031327,0.0015948605976344767,False
0.8000002606031327,0.0015958227945555613,False
0.8000002606031327,0.0015959297053245707,False
0.8000002606031327,0.001596250437631599,False
0.8000002606031327,0.0015953951514795237,False
0.8000018696568186,0.0015952882407105143,False
0.7999986515494467,0.0015956089730175425,False
0.8000018696568186,0.0015960366160935801,False
0.8000002606031327,0.0015959297053245707,False
0.8000002606031327,0.0015966780807076366,False
0.8000018696568186,0.0015968919022456554,False
0.7999986515494467,0.0015975333668597123,False
0.8000018696568186,0.0015979610099357499,False
0.8000002606031327,0.0015975333668597123,False
0.8000002606031327,0.00159785409916674,False
0.8000018696568186,0.0015984955637807965,False
0.8000002606031327,0.0015992439391638628,False
0.7999986515494467,0.0015988162960878251,False
0.8000018696568186,0.0015997784930089098,False
0.8000002606031327,0.0015999923145469286,False
0.8000018696568186,0.001599564671470891,False
0.7999986515494467,0.0015987093853188153,False
0.8000002606031327,0.001599564671470891,False
0.8000018696568186,0.0015992439391638628,False
0.8000002606031327,0.0016003130468539568,False
0.7999986515494467,0.0016003130468539568,False
0.8000018696568186,0.0016013821545440513,False
0.8000002606031327,0.0016013821545440513,False
0.8000018696568186,0.0016015959760820701,False
0.8000002606031327,0.0016012752437750415,False
0.7999986515494467,0.0016022374406961266,False
0.8000018696568186,0.0016022374406961266,False
0.8000002606031327,0.0016027853583872997,False
0.8000018696568186,0.0016025715368492809,False
0.8000002606031327,0.0016031060906943279,False
0.8000002606031327,0.0016032130014633377,False
0.8000002606031327,0.0016038544660773942,False
0.8000002606031327,0.0016033199122323467,False
0.8000002606031327,0.0016030927268482018,False
0.8000018696568186,0.0016038544660773942,False
0.7999986515494467,0.001603841102231268,False
0.8000018696568186,0.0016043756560763147,False
0.8000002606031327,0.0016047097522294694,False
0.8000002606031327,0.0016053378529973998,False
0.8000002606031327,0.001605671949150554,False
0.8000002606031327,0.001605658585304428,False
0.8000002606031327,0.001605658585304428,False
0.8000018696568186,0.001605658585304428,False
0.7999986515494467,0.0016060862283804656,False
0.8000018696568186,0.0016065138714565033,False
0.8000002606031327,0.0016067410568406481,False
0.8000002606031327,0.001606954878378667,False
0.8000018696568186,0.0016073825214547046,False
0.7999986515494467,0.0016071686999166858,False
0.8000018696568186,0.0016055650383815447,False
0.8000002606031327,0.0016059793176114562,False
0.8000002606031327,0.0016057788599195635,False
0.8000018696568186,0.0016066341460716387,False
0.8000002606031327,0.0016065272353026293,False
0.8000002606031327,0.0016072756106856952,False
0.8000002606031327,0.0016073825214547046,False
0.8000002606031327,0.001607917075299752,False
0.8000018696568186,0.0016073825214547046,False
0.8000002606031327,0.0016081308968377709,False
0.7999986515494467,0.0016081308968377709,False
0.8000018696568186,0.001608665450682818,False
0.8000002606031327,0.0016087723614518273,False
0.7999986515494467,0.0016087723614518273,False
0.8000018696568186,0.0016093069152968743,False
0.8000002606031327,0.0016099483799109312,False
0.8000018696568186,0.0016087723614518273,False
0.8000002606031327,0.0016087723614518273,False
0.8000002606031327,0.0016087723614518273,False
0.8000002606031327,0.001609200004527865,False
0.8000002606031327,0.0016097345583729124,False
0.8000018696568186,0.00161016220144895,False
0.8000002606031327,0.0016103760229869688,False
0.8000002606031327,0.0016106967552939966,False
0.8000002606031327,0.0016110174876010253,False
0.8000002606031327,0.0016108036660630065,False
0.8000002606031327,0.0016106967552939966,False
0.8000018696568186,0.0016110174876010253,False
0.7999986515494467,0.0016115520414460719,False
0.8000034787105046,0.0016117658629840911,False
0.7999986515494467,0.0016118727737531005,False
0.8000002606031327,0.0016123004168291382,False
0.8000002606031327,0.0016127280599051758,False
0.8000002606031327,0.001611338219908053,False
0.8000018696568186,0.001611445130677063,False
0.8000002606031327,0.0016117658629840911,False
0.8000002606031327,0.001612514238367157,False
0.8000018696568186,0.0016117658629840911,False
0.7999986515494467,0.001612514238367157,False
0.8000002606031327,0.0016124073275981476,False
0.8000018696568186,0.001613048792212204,False
0.8000002606031327,0.0016127280599051758,False
0.8000002606031327,0.001613048792212204,False
0.8000018696568186,0.0016134764352882416,False
0.7999986515494467,0.0016137971675952698,False
0.8000018696568186,0.0016137971675952698,False
0.8000002606031327,0.0016144386322093267,False
0.7999986515494467,0.0016146524537473455,False
0.8000018696568186,0.0016149731860543733,False
0.8000002606031327,0.001614224810671308,False
0.8000002606031327,0.0016145455429783357,False
0.8000018696568186,0.0016144386322093267,False
0.8000002606031327,0.0016145455429783357,False
0.8000002606031327,0.0016149731860543733,False
0.8000002606031327,0.0016149731860543733,False
0.8000002606031327,0.0016151870075923921,False
0.8000018696568186,0.0016155077398994208,False
0.8000002606031327,0.0016158284722064486,False
0.8000002606031327,0.0016158284722064486,False
0.8000002606031327,0.0016160422937444674,False
0.8000002606031327,0.001616363026051496,False
0.8000018696568186,0.0016167906691275337,False
0.7999487708851812,0.008030768617386407,False
0.7999986515494467,0.018111451846515223,False
0.8000018696568186,0.018110703471132156,False
0.7999986515494467,0.018113162418819374,False
0.8000034787105046,0.01811337624035739,False
0.7999986515494467,0.018122142923416164,False
0.8000002606031327,0.018126098621869514,False
0.8000018696568186,0.018114231526509466,False
0.8000002606031327,0.018115621366506587,False
0.8000002606031327,0.01812246365572319,False
0.8000018696568186,0.018094867313472634,False
0.8000002606031327,0.018094546581165605,False
0.8000002606031327,0.018096056695777865,False
0.7999986515494467,0.01809732626115985,False
0.8000018696568186,0.018094332759627588,False
0.8000002606031327,0.01812075308341904,False
0.8000002606031327,0.018131123428012957,False
0.8000018696568186,0.018111238024977203,False
0.7999986515494467,0.01809818154731193,False
0.8000002606031327,0.018099785208847072,False
0.8000034787105046,0.018098836375772108,False
0.7999986515494467,0.01812118072649508,False
0.8000002606031327,0.018121073815726068,False
0.8000002606031327,0.018112414043436307,False
0.8000018696568186,0.018101722966535366,False
0.8000002606031327,0.01809069779348127,False
0.7999986515494467,0.01809005632886721,False
0.8000018696568186,0.018089307953484145,False
0.8000002606031327,0.01809069779348127,False
0.8000018696568186,0.018089628685791174,False
0.8000002606031327,0.01809178026501749,False
0.8000002606031327,0.018090911615019287,False
0.8000002606031327,0.01809198072270938,False
0.8000018696568186,0.018107709969599893,False
0.7999986515494467,0.018101295323459325,False
0.8000002606031327,0.01809411893808957,False
0.8000018696568186,0.01809167335424848,False
0.7999986515494467,0.018094025391166686,False
0.8000018696568186,0.018109527452673052,False
0.8000002606031327,0.018099905483462204,False
0.8000018696568186,0.018095081135010654,False
0.8000002606031327,0.018095735963470836,False
0.8000002606031327,0.01811401770497145,False
0.8000002606031327,0.018112520954205315,False
0.8000002606031327,0.018129092123401774,False
0.8000002606031327,0.018140638486454794,False
0.8000018696568186,0.01813935555722668,False
0.8000002606031327,0.018124281138796352,False
0.8000002606031327,0.01810856525575197,False
0.8000002606031327,0.018107709969599893,False
0.8000002606031327,0.018107709969599893,False
0.8000002606031327,0.01810963436344206,False
0.8000018696568186,0.0181078168803689,False
0.7999986515494467,0.0181191494218839,False
0.8000018696568186,0.018140745397223802,False
0.8000002606031327,0.018138179538767576,False
0.8000002606031327,0.01811016891728711,False
0.8000018696568186,0.01810974127421107,False
0.7999986515494467,0.018110917292670177,False
0.8000002606031327,0.018113269329588382,False
0.8000018696568186,0.0181327270895481,False
0.8000002606031327,0.018131444160319983,False
0.8000018696568186,0.018125564068024465,False
0.8000002606031327,0.01812406731725833,False
0.7999986515494467,0.01810974127421107,False
0.8000018696568186,0.018098836375772108,False
0.8000002606031327,0.018101188412690317,False
0.8000018696568186,0.018099571387309048,False
0.7999986515494467,0.01809935756577103,False
0.8000002606031327,0.0181021506096114,False
0.8000018696568186,0.018099798572693195,False
0.8000002606031327,0.01810065385884527,False
0.8000002606031327,0.018101402234228334,False
0.8000002606031327,0.018118401046500834,False
0.8000002606031327,0.01810610630806475,False
0.8000018696568186,0.018103219717301496,False
0.7999986515494467,0.01810236443114942,False
0.8000002606031327,0.01810257825268744,False
0.8000018696568186,0.018101936788073383,False
0.8000002606031327,0.01810396809268456,False
0.7999986515494467,0.018103633996531407,False
0.8000018696568186,0.01810279207422546,False
0.8000002606031327,0.018104061639607448,False
0.8000034787105046,0.018111451846515223,False
0.7999986515494467,0.01814876370489951,False
0.7999986515494467,0.018156995834113232,False
0.8000034787105046,0.01811401770497145,False
0.7999986515494467,0.01811551445573758,False
0.8000018696568186,0.018116476652658663,False
0.8000002606031327,0.01811882868957687,False
0.8000002606031327,0.018114552258816495,False
0.8000018696568186,0.018117973403424796,False
0.7999986515494467,0.018142455969527953,False
0.8000002606031327,0.018149832812589604,False
0.8000018696568186,0.018131337249550974,False
0.8000002606031327,0.01811743884957975,False
0.8000018696568186,0.018117331938810738,False
0.7999986515494467,0.018119683975728947,False
0.8000002606031327,0.018131657981858,False
0.8000018696568186,0.018141279951068852,False
0.7999986515494467,0.01813946246799569,False
0.8000002606031327,0.01813219253570305,False
0.8000018696568186,0.01812930594493979,False
0.8000002606031327,0.018109206720366026,False
0.8000018696568186,0.018107282326523852,False
0.7999986515494467,0.01810824452344494,False
0.8000018696568186,0.018107603058830885,False
0.8000002606031327,0.01810792379113791,False
0.8000002606031327,0.018109527452673052,False
0.8000002606031327,0.01810908644575089,False
0.8000002606031327,0.018109206720366026,False
0.8000002606031327,0.018107389237292864,False
0.8000018696568186,0.018110048642671975,False
0.8000002606031327,0.018109313631135035,False
0.8000002606031327,0.018108885988058994,False
0.8000002606031327,0.018110810381901165,False
0.8000002606031327,0.01811016891728711,False
0.8000018696568186,0.01811027582805612,False
0.8000002606031327,0.018108885988058994,False
0.7999986515494467,0.018112093311129278,False
0.8000018696568186,0.01810984818498008,False
0.8000002606031327,0.0181123071326673,False
0.8000002606031327,0.018110382738825127,False
0.8000018696568186,0.018148015329516442,False
0.7999986515494467,0.01815475070796404,False
0.8000034787105046,0.018162982837177762,False
0.7999986515494467,0.018121715280340126,False
0.8000002606031327,0.01812267747726121,False
0.8000002606031327,0.01812278438803022,False
0.8000002606031327,0.01812235674495418,False
0.8000002606031327,0.018122036012647155,False
0.8000018696568186,0.018124922603410407,False
0.8000002606031327,0.01813946246799569,False
0.8000002606031327,0.01815592672642314,False
0.8000002606031327,0.01814480800644616,False
0.8000002606031327,0.018125243335717436,False
0.8000018696568186,0.01812267747726121,False
0.8000002606031327,0.018124494960334372,False
0.8000002606031327,0.018131657981858,False
0.8000018696568186,0.01814630475721229,False
0.8000002606031327,0.018145449471060216,False
0.8000002606031327,0.01813775189569154,False
0.8000002606031327,0.018138179538767576,False
0.8000002606031327,0.01811722502804173,False
0.8000002606031327,0.018112948597281353,False
0.8000002606031327,0.018112734775743336,False
0.8000018696568186,0.018113483151126403,False
0.8000002606031327,0.018113910794202437,False
0.8000002606031327,0.018114231526509466,False
0.8000002606031327,0.018113910794202437,False
0.8000018696568186,0.018113910794202437,False
0.7999986515494467,0.018113362876511267,False
0.8000018696568186,0.018115193723430553,False
0.8000002606031327,0.018113910794202437,False
0.8000002606031327,0.01811359006189541,False
0.8000002606031327,0.018114338437278478,False
0.8000002606031327,0.01811604900958263,False
0.8000018696568186,0.018114445348047487,False
0.8000002606031327,0.01811337624035739,False
0.7999986515494467,0.018114979901892533,False
0.8000018696568186,0.0181157282772756,False
0.8000002606031327,0.018114979901892533,False
0.8000018696568186,0.018115621366506587,False
0.7999986515494467,0.018155071440271064,False
0.8000002606031327,0.01815988242487649,False
0.8000018696568186,0.01815753038795828,False
0.8000002606031327,0.018127274640328615,False
0.8000002606031327,0.01812631244340753,False
0.8000018696568186,0.018127060818790598,False
0.7999986515494467,0.01812855756955673,False
0.8000018696568186,0.018127381551097624,False
0.7999986515494467,0.018159775514107482,False
0.8000018696568186,0.018162034004102802,False
0.8000002606031327,0.018132834000317108,False
0.8000002606031327,0.018128343748018708,False
0.8000018696568186,0.018129199034170783,False
0.8000002606031327,0.018129199034170783,False
0.8000002606031327,0.018146090935674274,False
0.8000002606031327,0.018149832812589604,False
0.8000002606031327,0.018146197846443283,False
0.8000002606031327,0.01814138686183786,False
0.8000018696568186,0.01813379619723819,False
0.8000002606031327,0.018118721778807863,False
0.8000018696568186,0.018115942098813616,False
0.7999986515494467,0.018119363243421917,False
0.8000002606031327,0.018119577064959938,False
0.8000018696568186,0.018116369741889654,False
0.7999986515494467,0.01811893560034588,False
0.8000002606031327,0.01812299820956824,False
0.8000018696568186,0.018119897797266964,False
0.8000002606031327,0.01811754576034876,False
0.8000018696568186,0.01812246365572319,False
0.8000002606031327,0.018120432351112013,False
0.8000002606031327,0.018118507957269842,False
0.8000002606031327,0.01812289129879923,False
0.8000002606031327,0.018119897797266964,False
0.8000018696568186,0.018118721778807863,False
0.7999986515494467,0.01811882868957687,False
0.8000002606031327,0.018118294135731825,False
0.8000018696568186,0.018120111618804984,False
0.7999986515494467,0.018119577064959938,False
0.8000002606031327,0.018137003520308476,False
0.8000018696568186,0.01816351739102281,False
0.8000002606031327,0.0181634104802538,False
0.8000018696568186,0.018152933224890876,False
0.8000002606031327,0.01813176489262701,False
0.7999986515494467,0.01813101651724395,False
0.8000018696568186,0.018130588874167908,False
0.8000002606031327,0.018132940911086116,False
0.8000018696568186,0.018131230338781966,False
0.7999986515494467,0.0181373242526155,False
0.8000018696568186,0.01816470677332804,False
0.8000002606031327,0.018165775881018136,False
0.8000002606031327,0.018134972215697293,False
0.8000002606031327,0.01813101651724395,False
0.8000002606031327,0.01813422384031423,False
0.8000002606031327,0.018132834000317108,False
0.8000002606031327,0.018153147046428897,False
0.8000018696568186,0.01815464379719503,False
0.7999986515494467,0.01814630475721229,False
0.8000018696568186,0.018135506769542342,False
0.8000002606031327,0.01812118072649508,False
0.8000002606031327,0.01812417422802734,False
0.8000018696568186,0.01812759537263564,False
0.8000002606031327,0.01812118072649508,False
0.8000002606031327,0.018125350246486448,False
0.8000018696568186,0.018127167729559607,False
0.7999986515494467,0.0181282368372497,False
0.8000018696568186,0.0181282368372497,False
0.7999986515494467,0.01812159500572499,False
0.8000002606031327,0.01812812992648069,False
0.8000034787105046,0.01812641935417654,False
0.7999986515494467,0.018125777889562482,False
0.8000018696568186,0.01813155107108899,False
0.8000002606031327,0.018123105120337248,False
0.7999986515494467,0.018126098621869514,False
0.8000018696568186,0.018124053953412204,False
0.8000002606031327,0.01812695390802159,False
0.8000002606031327,0.01813219253570305,False
0.8000018696568186,0.0181327270895481,False
0.8000002606031327,0.018160310067952528,False
0.8000002606031327,0.01816641734563219,False
0.8000002606031327,0.018177629612532054,False
0.8000002606031327,0.01813379619723819,False
0.8000018696568186,0.01813593441261838,False
0.7999986515494467,0.0181327270895481,False
0.8000018696568186,0.01813625514492541,False
0.8000002606031327,0.018135079126466305,False
0.8000002606031327,0.018141921415682907,False
0.8000018696568186,0.01816693853563111,False
0.7999986515494467,0.018152933224890876,False
0.8000018696568186,0.018134865304928284,False
0.8000002606031327,0.01813443766185225,False
0.7999986515494467,0.01813743116338451,False
0.8000034787105046,0.01815464379719503,False
0.7999986515494467,0.018155071440271064,False
0.8000002606031327,0.01815475070796404,False
0.8000018696568186,0.018147801507978425,False
0.7999986515494467,0.018149405169513563,False
0.8000018696568186,0.01813593441261838,False
0.8000002606031327,0.01813208562493404,False
0.8000002606031327,0.01812984049878484,False
0.8000018696568186,0.01812438804956536,False
0.8000002606031327,0.018134758394159275,False
0.7999986515494467,0.01813176489262701,False
0.8000018696568186,0.018129733588015833,False
0.8000002606031327,0.01813176489262701,False
0.8000018696568186,0.01813037505262989,False
0.8000002606031327,0.018133261643393142,False
0.8000002606031327,0.01813208562493404,False
0.8000002606031327,0.018136575877232435,False
0.8000002606031327,0.018136362055694417,False
0.8000002606031327,0.01812652626494555,False
0.8000002606031327,0.018141707594144886,False
0.8000002606031327,0.01813422384031423,False
0.8000034787105046,0.01813422384031423,False
0.7999986515494467,0.018136682788001443,False
0.8000002606031327,0.018137110431077484,False
0.8000002606031327,0.018166617803324084,False
0.8000002606031327,0.018170038947932385,False
0.8000018696568186,0.018176680779457093,False
0.8000002606031327,0.018138500271074606,False
0.8000002606031327,0.01813796571722956,False
0.8000002606031327,0.018138500271074606,False
0.8000002606031327,0.01813753807415352,False
0.8000002606031327,0.01813743116338451,False
0.8000018696568186,0.018138927914150643,False
0.8000002606031327,0.018158706406417386,False
0.7999986515494467,0.018171108055622477,False
0.8000018696568186,0.018157423477189273,False
0.8000002606031327,0.01813946246799569,False
0.8000018696568186,0.018138286449536585,False
0.8000002606031327,0.01814502182798418,False
0.7999986515494467,0.018160523889490545,False
0.8000034787105046,0.01815763729872729,False
0.7999986515494467,0.018152184849507813,False
0.8000018696568186,0.018151008831048705,False
0.8000002606031327,0.01814106612953083,False
0.8000002606031327,0.01813978320030272,False
0.8000002606031327,0.018134330751083238,False
0.8000002606031327,0.018133689286469183,False
0.8000002606031327,0.018134651483390267,False
0.8000002606031327,0.01813935555722668,False
0.8000002606031327,0.01814256288029696,False
0.8000018696568186,0.018140638486454794,False
0.8000002606031327,0.018138179538767576,False
0.8000002606031327,0.018140745397223802,False
0.8000002606031327,0.018142455969527953,False
0.8000002606031327,0.018138607181843614,False
0.8000002606031327,0.018144273452601112,False
0.8000018696568186,0.01813625514492541,False
0.8000002606031327,0.018138714092612626,False
0.8000018696568186,0.01814352507721805,False
0.7999986515494467,0.01813967628953371,False
0.8000002606031327,0.018142990523373002,False
0.8000018696568186,0.01814138686183786,False
0.8000002606031327,0.018149725901820596,False
0.7999986515494467,0.018174649474845914,False
0.8000018696568186,0.018174435653307897,False
0.8000002606031327,0.018164907231019933,False
0.8000018696568186,0.018140424664916777,False
0.8000002606031327,0.01814106612953083,False
0.8000002606031327,0.01814149377260687,False
0.8000002606031327,0.018141707594144886,False
0.8000018696568186,0.01815528526180908,False
0.8000002606031327,0.018172818627926628,False
0.8000002606031327,0.01816725926793814,False
0.7999986515494467,0.018140317754147765,False
0.8000018696568186,0.018141707594144886,False
0.8000002606031327,0.018142028326451915,False
0.8000002606031327,0.01816351739102281,False
0.8000002606031327,0.01816276901563974,False
0.8000002606031327,0.01815528526180908,False
0.8000018696568186,0.018155499083347106,False
0.7999986515494467,0.018149618991051584,False
0.8000018696568186,0.01814662548951932,False
0.8000002606031327,0.018143631987987057,False
0.8000002606031327,0.018142028326451915,False
0.8000002606031327,0.018146197846443283,False
0.8000018696568186,0.018141600683375878,False
0.7999986515494467,0.018146090935674274,False
0.8000018696568186,0.018146197846443283,False
0.8000002606031327,0.01814480800644616,False
0.8000002606031327,0.01814320434491102,False
0.8000018696568186,0.018146197846443283,False
0.8000002606031327,0.01814662548951932,False
0.8000002606031327,0.018145556381829228,False
0.8000002606031327,0.018147480775671396,False
0.8000002606031327,0.018146839311057338,False
0.8000018696568186,0.018148122240285454,False
0.8000002606031327,0.018145663292598237,False
0.8000002606031327,0.018148015329516442,False
0.8000002606031327,0.01814876370489951,False
0.8000002606031327,0.018152826314121864,False
0.8000002606031327,0.018175491397151862,False
0.8000002606031327,0.018178605173299264,False
0.8000018696568186,0.018172925538695636,False
0.8000002606031327,0.018143631987987057,False
0.8000002606031327,0.01814309743414201,False
0.8000018696568186,0.018145663292598237,False
0.7999986515494467,0.018144273452601112,False
0.8000002606031327,0.018144487274139132,False
0.8000018696568186,0.018142776701834982,False
0.8000002606031327,0.018176360047150064,False
0.8000002606031327,0.01817730888022502,False
0.8000002606031327,0.018152826314121864,False
0.8000002606031327,0.018143845809525078,False
0.8000018696568186,0.01814459418490814,False
0.8000002606031327,0.018147160043364367,False
0.7999986515494467,0.018160096246414507,False
0.8000018696568186,0.018165976338710026,False
0.8000002606031327,0.0181634104802538,False
0.8000018696568186,0.01815785112026531,False
0.8000002606031327,0.018158492584879365,False
0.8000002606031327,0.018151008831048705,False
0.8000018696568186,0.018151543384893755,False
0.7999986515494467,0.018154429975657006,False
0.8000002606031327,0.01815197102796979,False
0.8000002606031327,0.018148229151054462,False
0.8000018696568186,0.018145128738753187,False
0.8000002606031327,0.018145770203367245,False
0.8000018696568186,0.01814726695413338,False
0.7999986515494467,0.0181486567941305,False
0.8000002606031327,0.018148870615668517,False
0.8000002606031327,0.018145663292598237,False
0.8000002606031327,0.018151757206431772,False
0.8000002606031327,0.01814491491721517,False
0.8000018696568186,0.018145128738753187,False
0.8000002606031327,0.0181486567941305,False
0.8000018696568186,0.018147053132595358,False
0.7999986515494467,0.018149832812589604,False
0.8000034787105046,0.018151222652586726,False
0.7999986515494467,0.018148870615668517,False
0.7999986515494467,0.01814630475721229,False
0.8000018696568186,0.018179781191758365,False
0.8000002606031327,0.018179340184836204,False
0.8000018696568186,0.018180422656372423,False
0.8000002606031327,0.01816855556101238,False
0.8000002606031327,0.018167366178707147,False
0.8000002606031327,0.018166083249479034,False
0.8000002606031327,0.018169932037163373,False
0.8000018696568186,0.01817892590560629,False
0.8000002606031327,0.018180957210217473,False
0.7999986515494467,0.018180302381757288,False
0.8000018696568186,0.018179340184836204,False
0.8000002606031327,0.01817966091714323,False
0.8000018696568186,0.01736564232190551,False
0.8000018696568186,0.017357837835767824,False
0.8000018696568186,0.017358372389612867,False
0.7999986515494467,0.01736040369422405,False
0.8000018696568186,0.017358906943457916,False
0.7999986515494467,0.017358906943457916,False
0.8000018696568186,0.01736040369422405,False
0.8000002606031327,0.01735858621115089,False
0.8000002606031327,0.01735976222960999,False
0.8000002606031327,0.017360510604993058,False
0.8000002606031327,0.017359655318840983,False
0.8000018696568186,0.017359334586533957,False
0.8000002606031327,0.01736040369422405,False
0.8000002606031327,0.017359548408071974,False
0.8000018696568186,0.017359227675764942,False
0.7999986515494467,0.01735997605114801,False
0.8000002606031327,0.01736040369422405,False
0.8000018696568186,0.01735976222960999,False
0.8000002606031327,0.017360082961917017,False
0.8000018696568186,0.017359120764995933,False
0.8000002606031327,0.017361258980376125,False
0.7999986515494467,0.017360617515762067,False
0.8000002606031327,0.01736040369422405,False
0.8000018696568186,0.017360938248069096,False
0.8000002606031327,0.01735997605114801,False
0.8000002606031327,0.017361472801914142,False
0.8000002606031327,0.017359548408071974,False
0.8000018696568186,0.017360724426531075,False
0.8000002606031327,0.01736029678345504,False
0.7999986515494467,0.017360082961917017,False
0.8000018696568186,0.01736157971268315,False
0.8000002606031327,0.017360510604993058,False
0.8000002606031327,0.017360082961917017,False
0.8000018696568186,0.01736179353422117,False
0.7999986515494467,0.017360831337300084,False
0.8000034787105046,0.017358906943457916,False
0.7999986515494467,0.017361472801914142,False
0.8000002606031327,0.01735997605114801,False
0.8000002606031327,0.017362648820373246,False
0.8000002606031327,0.017361365891145134,False
0.8000018696568186,0.017361258980376125,False
0.8000002606031327,0.017360831337300084,False
0.8000018696568186,0.017361045158838108,False
0.8000002606031327,0.01736168662345216,False
0.8000002606031327,0.01735976222960999,False
0.7999986515494467,0.017361365891145134,False
0.8000018696568186,0.0173621142665282,False
0.8000002606031327,0.017360724426531075,False
0.8000002606031327,0.017361258980376125,False
0.8000002606031327,0.017361045158838108,False
0.8000002606031327,0.0173621142665282,False
0.8000018696568186,0.01736168662345216,False
0.8000002606031327,0.017361900444990183,False
0.8000002606031327,0.017361472801914142,False
0.8000002606031327,0.017361900444990183,False
0.8000002606031327,0.01736157971268315,False
0.8000018696568186,0.01736179353422117,False
0.8000002606031327,0.01736179353422117,False
0.8000002606031327,0.0173621142665282,False
0.8000002606031327,0.017362434998835226,False
0.8000002606031327,0.01736168662345216,False
0.8000002606031327,0.017360831337300084,False
0.8000002606031327,0.017363076463449284,False
0.8000018696568186,0.017362328088066217,False
0.8000002606031327,0.01736168662345216,False
0.8000002606031327,0.017362541909604234,False
0.8000002606031327,0.01736275573114226,False
0.8000002606031327,0.017362434998835226,False
0.8000002606031327,0.01736040369422405,False
0.8000002606031327,0.01736350410652532,False
0.8000018696568186,0.017362541909604234,False
0.8000002606031327,0.0173621142665282,False
0.8000002606031327,0.01736222117729721,False
0.8000018696568186,0.017361258980376125,False
0.8000002606031327,0.017363076463449284,False
0.8000002606031327,0.01736446630344641,False
0.8000018696568186,0.017360617515762067,False
0.8000002606031327,0.017364038660370368,False
0.8000002606031327,0.0173621142665282,False
0.8000002606031327,0.017362648820373246,False
0.7999986515494467,0.017363183374218293,False
0.8000018696568186,0.017362328088066217,False
0.8000002606031327,0.01736200735575919,False
0.8000002606031327,0.017364359392677397,False
0.8000002606031327,0.01736350410652532,False
0.8000018696568186,0.017362648820373246,False
0.8000002606031327,0.01736222117729721,False
0.7999986515494467,0.017364787035753435,False
0.8000034787105046,0.017361365891145134,False
0.7999986515494467,0.017364573214215417,False
0.8000002606031327,0.0173632902849873,False
0.8000018696568186,0.01736275573114226,False
0.8000002606031327,0.017363611017294334,False
0.8000002606031327,0.017363183374218293,False
0.8000002606031327,0.017363611017294334,False
0.8000002606031327,0.017362969552680275,False
0.8000002606031327,0.01736393174960136,False
0.8000018696568186,0.0173632902849873,False
0.8000002606031327,0.017363611017294334,False
0.8000002606031327,0.01736382483883235,False
0.8000018696568186,0.017363183374218293,False
0.7999986515494467,0.017363076463449284,False
0.8000002606031327,0.017365000857291455,False
0.8000002606031327,0.017363717928063342,False
0.8000018696568186,0.017364038660370368,False
0.8000002606031327,0.017364359392677397,False
0.8000018696568186,0.0173632902849873,False
0.7999986515494467,0.017363717928063342,False
0.8000002606031327,0.017363717928063342,False
0.8000018696568186,0.017364038660370368,False
0.8000002606031327,0.01736393174960136,False
0.7999986515494467,0.017364787035753435,False
0.8000018696568186,0.01736350410652532,False
0.8000002606031327,0.01736596305421254,False
0.8000018696568186,0.017362969552680275,False
0.8000002606031327,0.017364573214215417,False
0.7999986515494467,0.017364359392677397,False
0.8000018696568186,0.01736446630344641,False
0.8000002606031327,0.01736350410652532,False
0.8000002606031327,0.01736564232190551,False
0.8000018696568186,0.017364680124984426,False
0.8000002606031327,0.017364893946522443,False
0.8000002606031327,0.017364893946522443,False
0.8000002606031327,0.017364145571139376,False
0.8000002606031327,0.01736393174960136,False
0.8000002606031327,0.017365428500367493,False
0.8000002606031327,0.01736446630344641,False
0.8000018696568186,0.01736596305421254,False
0.8000002606031327,0.017364893946522443,False
0.8000002606031327,0.0173632902849873,False
0.8000002606031327,0.01736596305421254,False
0.8000018696568186,0.01736425248190839,False
0.7999986515494467,0.01736596305421254,False
0.8000018696568186,0.017365000857291455,False
0.800050141267398,0.011985732059197996,False
0.8000018696568186,0.0011577960100778426,False
0.8000002606031327,0.0011552301516216164,False
0.8000002606031327,0.0011527712039343997,False
0.8000002606031327,0.0011509537208612393,False
0.8000002606031327,0.0011491362377880798,False
0.8000002606031327,0.0011473187547149195,False
0.8000018696568186,0.0011456081824107686,False
0.7999986515494467,0.0011442183424136463,False
0.8000034787105046,0.0011427215916475146,False
0.7999986515494467,0.001141011019343364,False
0.8000002606031327,0.0011395142685772315,False
0.8000018696568186,0.0011384451608871375,False
0.7999986515494467,0.0011369484101210058,False
0.8000002606031327,0.0011354516593548736,False
0.8000018696568186,0.0011340618193577518,False
0.8000002606031327,0.0011327788901296385,False
0.8000018696568186,0.0011314959609015252,False
0.7999986515494467,0.001130426853211431,False
0.8000018696568186,0.0011292508347523276,False
0.8000002606031327,0.0011282886378312425,False
0.7999986515494467,0.0011270057086031297,False
0.8000034787105046,0.0011262573332200638,False
0.7999986515494467,0.001124974403991951,False
0.8000002606031327,0.0011241191178398757,False
0.8000018696568186,0.0011231569209187906,False
0.8000002606031327,0.0011224085455357243,False
0.8000002606031327,0.001121018705538602,False
0.8000018696568186,0.0011203772409245456,False
0.8000002606031327,0.001119415044003461,False
0.8000002606031327,0.001118773579389404,False
0.8000002606031327,0.0011178113824683198,False
0.8000002606031327,0.0011167422747782253,False
0.8000002606031327,0.0011162077209331783,False
0.8000002606031327,0.0011152455240120937,False
0.8000002606031327,0.0011142833270910086,False
0.8000018696568186,0.0011136418624769521,False
0.8000002606031327,0.0011130003978628957,False
0.8000002606031327,0.0011120382009418106,False
0.8000002606031327,0.0011113967363277541,False
0.8000002606031327,0.001110541450175679,False
0.8000018696568186,0.0011102207178686507,False
0.7999986515494467,0.001109258520947566,False
0.8000034787105046,0.0011086170563335096,False
0.7999986515494467,0.001107654859412425,False
0.8000002606031327,0.0011072272163363873,False
0.8000018696568186,0.0011066926624913398,False
0.7999986515494467,0.001105944287108274,False
0.8000002606031327,0.0011055166440322364,False
0.8000018696568186,0.00110487517941818,False
0.8000002606031327,0.001104126804035114,False
0.8000018696568186,0.001103699160959076,False
0.7999986515494467,0.0011030576963450196,False
0.8000002606031327,0.0011025231424999725,False
0.8000018696568186,0.0011019885886549255,False
0.8000002606031327,0.001101454034809878,False
0.8000002606031327,0.0011009194809648314,False
0.8000002606031327,0.001100384927119784,False
0.8000002606031327,0.0011000641948127562,False
0.8000018696568186,0.0010994227301986993,False
0.8000002606031327,0.0010988881763536523,False
0.8000002606031327,0.001098567444046624,False
0.8000002606031327,0.0010979259794325676,False
0.8000002606031327,0.00109749833635653,False
0.8000002606031327,0.0010968568717424736,False
0.8000002606031327,0.001096536139435445,False
0.8000018696568186,0.0010960015855903983,False
0.8000002606031327,0.0010955739425143607,False
0.8000002606031327,0.001095253210207332,False
0.8000002606031327,0.0010947186563622846,False
0.8000018696568186,0.001094291013286247,False
